0.000000 0.000000
0.000000 0.000000
0.000000 0.000000
0.000000 0.000000
0.000000 0.000000
0.000000 0.000000
0.000000 0.000000
0.000000 0.000000
0.000000 0.000000
0.000000 0.000000
0.000000 0.000000
0.000000 0.000000
0.000000 0.000000
0.000000 0.000000
0.000000 0.000000
0.000000 0.000000
0.000000 0.000000
0.000000 0.000000
0.000000 0.000000
0.000000 0.000000
0.000000 0.000000
0.000000 0.000000
0.000000 0.000000
0.000000 0.000000
0.000000 0.000000
0.000000 0.000000
0.000000 0.000000
0.000000 0.000000
0.000000 0.000000
0.000000 0.000000
0.000000 0.000000
0.000000 0.000000
0.000000 0.000000
0.000000 0.000000
0.000000 0.000000
0.000000 0.000000
0.000000 0.000000
0.000000 0.000000
0.000000 0.000000
0.000000 0.000000
0.000000 0.000000
0.000000 0.000000
0.000000 0.000000
0.000000 0.000000
0.000000 0.000000
0.000000 0.000000
0.000000 0.000000
0.000000 0.000000
0.000000 0.000000
0.000000 0.000000
0.000000 0.000000
0.000000 0.000000
0.000000 0.000000
0.000000 0.000000
0.000000 0.000000
0.000000 0.000000
0.000000 0.000000
0.000000 0.000000
0.000000 0.000000
0.000000 0.000000
0.000000 0.000000
0.000000 0.000000
0.000000 0.000000
0.000000 0.000000
0.000000 0.000000
0.000000 0.000000
0.000000 0.000000
0.000000 0.000000
0.000000 0.000000
0.000000 0.000000
0.000000 0.000000
0.000000 0.000000
0.000000 0.000000
0.000000 0.000000
0.000000 0.000000
0.000000 0.000000
0.000000 0.000000
0.000000 0.000000
0.000000 0.000000
0.000000 0.000000
0.000000 0.000000
0.000000 0.000000
0.000000 0.000000
0.000000 0.000000
0.000000 0.000000
0.000000 0.000000
0.000000 0.000000
0.000000 0.000000
0.000000 0.000000
0.000000 0.000000
0.000000 0.000000
0.000000 0.000000
0.000000 0.000000
0.000000 0.000000
0.000000 0.000000
0.000000 0.000000
0.000000 0.000000
0.000000 0.000000
0.000000 0.000000
-0.010797 0.000000
-0.010797 0.000000
-0.010797 0.000000
-0.010797 0.000000
-0.010797 0.000000
-0.010797 0.000000
-0.010797 -0.000301
-0.010797 -0.000996
-0.010797 -0.001872
-0.010797 -0.002806
-0.010797 -0.003730
-0.010797 -0.004607
-0.010797 -0.005420
-0.010797 -0.006160
-0.010797 -0.006829
-0.010797 -0.007429
-0.010797 -0.007965
-0.010797 -0.008441
-0.010797 -0.008864
-0.010797 -0.009239
-0.010797 -0.009571
-0.010797 -0.009864
-0.010797 -0.010124
-0.010797 -0.010354
-0.010797 -0.010557
-0.010797 -0.010736
-0.010797 -0.010894
-0.010797 -0.011034
-0.010797 -0.011157
-0.010797 -0.011266
-0.010797 -0.011363
-0.010797 -0.011448
-0.010797 -0.011523
-0.010797 -0.011589
-0.010797 -0.011647
-0.010797 -0.011699
-0.010797 -0.011744
-0.010797 -0.011785
-0.010797 -0.011820
-0.010797 -0.011851
-0.010797 -0.011879
-0.010797 -0.011903
-0.010797 -0.011925
-0.010797 -0.011944
-0.010797 -0.011961
-0.010797 -0.011975
-0.010797 -0.011989
-0.010797 -0.012000
-0.010797 -0.012010
-0.010797 -0.012019
-0.543834 -0.012027
-0.543834 -0.012034
-0.543834 -0.012040
-0.543834 -0.012046
-0.543834 -0.012051
-0.543834 -0.012055
-0.543834 -0.019851
-0.543834 -0.038677
-0.543834 -0.064202
-0.543834 -0.093814
-0.543834 -0.125724
-0.543834 -0.158629
-0.543834 -0.191558
-0.543834 -0.223794
-0.543834 -0.254825
-0.543834 -0.284301
-0.543834 -0.311998
-0.543834 -0.337797
-0.543834 -0.361650
-0.543834 -0.383568
-0.543834 -0.403603
-0.543834 -0.421835
-0.543834 -0.438363
-0.543834 -0.453295
-0.543834 -0.466749
-0.543834 -0.478838
-0.543834 -0.489679
-0.543834 -0.499381
-0.543834 -0.508050
-0.543834 -0.515784
-0.543834 -0.522675
-0.543834 -0.528808
-0.543834 -0.534261
-0.543834 -0.539105
-0.543834 -0.543405
-0.543834 -0.547219
-0.543834 -0.550600
-0.543834 -0.553596
-0.543834 -0.556249
-0.543834 -0.558598
-0.543834 -0.560676
-0.543834 -0.562515
-0.543834 -0.564141
-0.543834 -0.565578
-0.543834 -0.566849
-0.543834 -0.567972
-0.543834 -0.568965
-0.543834 -0.569841
-0.543834 -0.570616
-0.543834 -0.571300
-0.489052 -0.571905
-0.489052 -0.572438
-0.489052 -0.572909
-0.489052 -0.573326
-0.489052 -0.573693
-0.489052 -0.574017
-0.489052 -0.573786
-0.489052 -0.572850
-0.489052 -0.571581
-0.489052 -0.570194
-0.489052 -0.568809
-0.489052 -0.567490
-0.489052 -0.566269
-0.489052 -0.565156
-0.489052 -0.564153
-0.489052 -0.563256
-0.489052 -0.562458
-0.489052 -0.561749
-0.489052 -0.561120
-0.489052 -0.560564
-0.489052 -0.560073
-0.489052 -0.559639
-0.489052 -0.559256
-0.489052 -0.558918
-0.489052 -0.558619
-0.489052 -0.558356
-0.489052 -0.558123
-0.489052 -0.557918
-0.489052 -0.557737
-0.489052 -0.557577
-0.489052 -0.557436
-0.489052 -0.557312
-0.489052 -0.557202
-0.489052 -0.557105
-0.489052 -0.557020
-0.489052 -0.556945
-0.489052 -0.556878
-0.489052 -0.556819
-0.489052 -0.556768
-0.489052 -0.556722
-0.489052 -0.556682
-0.489052 -0.556646
-0.489052 -0.556614
-0.489052 -0.556587
-0.489052 -0.556562
-0.489052 -0.556541
-0.489052 -0.556522
-0.489052 -0.556505
-0.489052 -0.556490
-0.489052 -0.556477
-0.207340 -0.556465
-0.207340 -0.556455
-0.207340 -0.556446
-0.207340 -0.556438
-0.207340 -0.556431
-0.207340 -0.556425
-0.207340 -0.548322
-0.207340 -0.529992
-0.207340 -0.507559
-0.207340 -0.484420
-0.207340 -0.462308
-0.207340 -0.442007
-0.207340 -0.423779
-0.207340 -0.407624
-0.207340 -0.393411
-0.207340 -0.380958
-0.207340 -0.370069
-0.207340 -0.360558
-0.207340 -0.352250
-0.207340 -0.344991
-0.207340 -0.338645
-0.207340 -0.333093
-0.207340 -0.328233
-0.207340 -0.323974
-0.207340 -0.320241
-0.207340 -0.316965
-0.207340 -0.314089
-0.207340 -0.311563
-0.207340 -0.309343
-0.207340 -0.307391
-0.207340 -0.305674
-0.207340 -0.304162
-0.207340 -0.302832
-0.207340 -0.301661
-0.207340 -0.300630
-0.207340 -0.299721
-0.207340 -0.298920
-0.207340 -0.298214
-0.207340 -0.297592
-0.207340 -0.297044
-0.207340 -0.296561
-0.207340 -0.296134
-0.207340 -0.295758
-0.207340 -0.295427
-0.207340 -0.295135
-0.207340 -0.294877
-0.207340 -0.294649
-0.207340 -0.294448
-0.207340 -0.294271
-0.207340 -0.294115
-0.245370 -0.293977
-0.245370 -0.293856
-0.245370 -0.293748
-0.245370 -0.293654
-0.245370 -0.293570
-0.245370 -0.293497
-0.245370 -0.294737
-0.245370 -0.297694
-0.245370 -0.301454
-0.245370 -0.305489
-0.245370 -0.309499
-0.245370 -0.313321
-0.245370 -0.316874
-0.245370 -0.320125
-0.245370 -0.323068
-0.245370 -0.325714
-0.245370 -0.328081
-0.245370 -0.330191
-0.245370 -0.332068
-0.245370 -0.333734
-0.245370 -0.335211
-0.245370 -0.336520
-0.245370 -0.337678
-0.245370 -0.338703
-0.245370 -0.339610
-0.245370 -0.340411
-0.245370 -0.341119
-0.245370 -0.341745
-0.245370 -0.342298
-0.245370 -0.342786
-0.245370 -0.343218
-0.245370 -0.343598
-0.245370 -0.343935
-0.245370 -0.344232
-0.245370 -0.344494
-0.245370 -0.344726
-0.245370 -0.344930
-0.245370 -0.345110
-0.245370 -0.345270
-0.245370 -0.345410
-0.245370 -0.345534
-0.245370 -0.345644
-0.245370 -0.345741
-0.245370 -0.345826
-0.245370 -0.345901
-0.245370 -0.345968
-0.245370 -0.346027
-0.245370 -0.346078
-0.245370 -0.346124
-0.245370 -0.346164
0.993148 -0.346200
0.993148 -0.346231
0.993148 -0.346259
0.993148 -0.346284
0.993148 -0.346305
0.993148 -0.346324
0.993148 -0.314983
0.993148 -0.248957
0.993148 -0.176823
0.993148 -0.111541
0.993148 -0.056981
0.993148 -0.012972
0.993148 0.022033
0.993148 0.049798
0.993148 0.071891
0.993148 0.089579
0.993148 0.103848
0.993148 0.115452
0.993148 0.124964
0.993148 0.132820
0.993148 0.139355
0.993148 0.144826
0.993148 0.149434
0.993148 0.153334
0.993148 0.156652
0.993148 0.159486
0.993148 0.161916
0.993148 0.164006
0.993148 0.165810
0.993148 0.167371
0.993148 0.168724
0.993148 0.169900
0.993148 0.170923
0.993148 0.171816
0.993148 0.172595
0.993148 0.173276
0.993148 0.173872
0.993148 0.174395
0.993148 0.174853
0.993148 0.175254
0.993148 0.175607
0.993148 0.175917
0.993148 0.176190
0.993148 0.176429
0.993148 0.176640
0.993148 0.176826
0.993148 0.176989
0.993148 0.177133
0.993148 0.177260
0.993148 0.177371
-0.183606 0.177470
-0.183606 0.177556
-0.183606 0.177633
-0.183606 0.177700
-0.183606 0.177760
-0.183606 0.177812
-0.183606 0.174167
-0.183606 0.164987
-0.183606 0.151841
-0.183606 0.135620
-0.183606 0.117008
-0.183606 0.096621
-0.183606 0.075034
-0.183606 0.052779
-0.183606 0.030330
-0.183606 0.008092
-0.183606 -0.013603
-0.183606 -0.034495
-0.183606 -0.054392
-0.183606 -0.073160
-0.183606 -0.090719
-0.183606 -0.107028
-0.183606 -0.122082
-0.183606 -0.135903
-0.183606 -0.148532
-0.183606 -0.160023
-0.183606 -0.170441
-0.183606 -0.179857
-0.183606 -0.188341
-0.183606 -0.195969
-0.183606 -0.202810
-0.183606 -0.208935
-0.183606 -0.214409
-0.183606 -0.219295
-0.183606 -0.223649
-0.183606 -0.227524
-0.183606 -0.230971
-0.183606 -0.234034
-0.183606 -0.236753
-0.183606 -0.239165
-0.183606 -0.241304
-0.183606 -0.243199
-0.183606 -0.244877
-0.183606 -0.246363
-0.183606 -0.247678
-0.183606 -0.248842
-0.183606 -0.249871
-0.183606 -0.250781
-0.183606 -0.251585
-0.183606 -0.252296
0.543788 -0.252924
0.543788 -0.253479
0.543788 -0.253970
0.543788 -0.254403
0.543788 -0.254785
0.543788 -0.255123
0.543788 -0.231456
0.543788 -0.180759
0.543788 -0.124488
0.543788 -0.072682
0.543788 -0.028632
0.543788 0.007492
0.543788 0.036670
0.543788 0.060142
0.543788 0.079058
0.543788 0.094376
0.543788 0.106859
0.543788 0.117103
0.543788 0.125567
0.543788 0.132608
0.543788 0.138502
0.543788 0.143463
0.543788 0.147662
0.543788 0.151232
0.543788 0.154280
0.543788 0.156893
0.543788 0.159140
0.543788 0.161078
0.543788 0.162754
0.543788 0.164207
0.543788 0.165469
0.543788 0.166567
0.543788 0.167525
0.543788 0.168361
0.543788 0.169092
0.543788 0.169731
0.543788 0.170291
0.543788 0.170782
0.543788 0.171213
0.543788 0.171591
0.543788 0.171924
0.543788 0.172216
0.543788 0.172472
0.543788 0.172698
0.543788 0.172897
0.543788 0.173072
0.543788 0.173227
0.543788 0.173362
0.543788 0.173482
0.543788 0.173587
0.521073 0.173680
0.521073 0.173762
0.521073 0.173835
0.521073 0.173898
0.521073 0.173954
0.521073 0.174004
0.521073 0.174030
0.521073 0.174028
0.521073 0.174010
0.521073 0.173986
0.521073 0.173959
0.521073 0.173932
0.521073 0.173905
0.521073 0.173881
0.521073 0.173859
0.521073 0.173839
0.521073 0.173821
0.521073 0.173804
0.521073 0.173790
0.521073 0.173777
0.521073 0.173766
0.521073 0.173756
0.521073 0.173747
0.521073 0.173740
0.521073 0.173733
0.521073 0.173727
0.521073 0.173721
0.521073 0.173717
0.521073 0.173712
0.521073 0.173709
0.521073 0.173706
0.521073 0.173703
0.521073 0.173700
0.521073 0.173698
0.521073 0.173696
0.521073 0.173694
0.521073 0.173693
0.521073 0.173691
0.521073 0.173690
0.521073 0.173689
0.521073 0.173688
0.521073 0.173687
0.521073 0.173687
0.521073 0.173686
0.521073 0.173685
0.521073 0.173685
0.521073 0.173684
0.521073 0.173684
0.521073 0.173684
0.521073 0.173683
-0.379981 0.173683
-0.379981 0.173683
-0.379981 0.173683
-0.379981 0.173682
-0.379981 0.173682
-0.379981 0.173682
-0.379981 0.169125
-0.379981 0.157579
-0.379981 0.140707
-0.379981 0.119383
-0.379981 0.094301
-0.379981 0.066158
-0.379981 0.035683
-0.379981 0.003612
-0.379981 -0.029348
-0.379981 -0.062551
-0.379981 -0.095430
-0.379981 -0.127517
-0.379981 -0.158439
-0.379981 -0.187913
-0.379981 -0.215744
-0.379981 -0.241807
-0.379981 -0.266040
-0.379981 -0.288430
-0.379981 -0.309005
-0.379981 -0.327819
-0.379981 -0.344953
-0.379981 -0.360497
-0.379981 -0.374552
-0.379981 -0.387226
-0.379981 -0.398625
-0.379981 -0.408853
-0.379981 -0.418014
-0.379981 -0.426205
-0.379981 -0.433517
-0.379981 -0.440035
-0.379981 -0.445839
-0.379981 -0.451001
-0.379981 -0.455589
-0.379981 -0.459662
-0.379981 -0.463277
-0.379981 -0.466482
-0.379981 -0.469322
-0.379981 -0.471838
-0.379981 -0.474066
-0.379981 -0.476038
-0.379981 -0.477782
-0.379981 -0.479325
-0.379981 -0.480690
-0.379981 -0.481896
-0.306918 -0.482962
-0.306918 -0.483904
-0.306918 -0.484736
-0.306918 -0.485472
-0.306918 -0.486121
-0.306918 -0.486695
-0.306918 -0.485366
-0.306918 -0.481602
-0.306918 -0.476735
-0.306918 -0.471528
-0.306918 -0.466398
-0.306918 -0.461560
-0.306918 -0.457112
-0.306918 -0.453086
-0.306918 -0.449477
-0.306918 -0.446263
-0.306918 -0.443412
-0.306918 -0.440888
-0.306918 -0.438659
-0.306918 -0.436692
-0.306918 -0.434957
-0.306918 -0.433427
-0.306918 -0.432079
-0.306918 -0.430890
-0.306918 -0.429843
-0.306918 -0.428919
-0.306918 -0.428105
-0.306918 -0.427387
-0.306918 -0.426754
-0.306918 -0.426196
-0.306918 -0.425704
-0.306918 -0.425270
-0.306918 -0.424887
-0.306918 -0.424549
-0.306918 -0.424251
-0.306918 -0.423989
-0.306918 -0.423757
-0.306918 -0.423552
-0.306918 -0.423372
-0.306918 -0.423213
-0.306918 -0.423072
-0.306918 -0.422948
-0.306918 -0.422839
-0.306918 -0.422742
-0.306918 -0.422657
-0.306918 -0.422582
-0.306918 -0.422516
-0.306918 -0.422457
-0.306918 -0.422406
-0.306918 -0.422360
-0.296470 -0.422320
-0.296470 -0.422285
-0.296470 -0.422253
-0.296470 -0.422226
-0.296470 -0.422201
-0.296470 -0.422180
-0.296470 -0.421859
-0.296470 -0.421148
-0.296470 -0.420262
-0.296470 -0.419324
-0.296470 -0.418403
-0.296470 -0.417533
-0.296470 -0.416732
-0.296470 -0.416004
-0.296470 -0.415350
-0.296470 -0.414765
-0.296470 -0.414245
-0.296470 -0.413783
-0.296470 -0.413374
-0.296470 -0.413013
-0.296470 -0.412693
-0.296470 -0.412411
-0.296470 -0.412162
-0.296470 -0.411942
-0.296470 -0.411747
-0.296470 -0.411576
-0.296470 -0.411425
-0.296470 -0.411291
-0.296470 -0.411173
-0.296470 -0.411069
-0.296470 -0.410978
-0.296470 -0.410897
-0.296470 -0.410825
-0.296470 -0.410762
-0.296470 -0.410707
-0.296470 -0.410658
-0.296470 -0.410614
-0.296470 -0.410576
-0.296470 -0.410542
-0.296470 -0.410513
-0.296470 -0.410486
-0.296470 -0.410463
-0.296470 -0.410443
-0.296470 -0.410425
-0.296470 -0.410409
-0.296470 -0.410395
-0.296470 -0.410382
-0.296470 -0.410371
-0.296470 -0.410362
-0.296470 -0.410353
-0.709066 -0.410346
-0.709066 -0.410339
-0.709066 -0.410333
-0.709066 -0.410328
-0.709066 -0.410324
-0.709066 -0.410320
-0.709066 -0.414735
-0.709066 -0.425015
-0.709066 -0.438157
-0.709066 -0.452408
-0.709066 -0.466742
-0.709066 -0.480569
-0.709066 -0.493570
-0.709066 -0.505591
-0.709066 -0.516581
-0.709066 -0.526546
-0.709066 -0.535531
-0.709066 -0.543597
-0.709066 -0.550814
-0.709066 -0.557257
-0.709066 -0.562998
-0.709066 -0.568105
-0.709066 -0.572643
-0.709066 -0.576672
-0.709066 -0.580244
-0.709066 -0.583411
-0.709066 -0.586217
-0.709066 -0.588701
-0.709066 -0.590899
-0.709066 -0.592844
-0.709066 -0.594565
-0.709066 -0.596086
-0.709066 -0.597431
-0.709066 -0.598619
-0.709066 -0.599669
-0.709066 -0.600597
-0.709066 -0.601417
-0.709066 -0.602141
-0.709066 -0.602781
-0.709066 -0.603346
-0.709066 -0.603844
-0.709066 -0.604285
-0.709066 -0.604674
-0.709066 -0.605017
-0.709066 -0.605320
-0.709066 -0.605587
-0.709066 -0.605824
-0.709066 -0.606032
-0.709066 -0.606216
-0.709066 -0.606378
0.945329 -0.606522
0.945329 -0.606648
0.945329 -0.606760
0.945329 -0.606859
0.945329 -0.606946
0.945329 -0.607022
0.945329 -0.554552
0.945329 -0.445613
0.945329 -0.329384
0.945329 -0.227044
0.945329 -0.143888
0.945329 -0.078614
0.945329 -0.028001
0.945329 0.011218
0.945329 0.041771
0.945329 0.065773
0.945329 0.084811
0.945329 0.100062
0.945329 0.112397
0.945329 0.122465
0.945329 0.130753
0.945329 0.137628
0.945329 0.143370
0.945329 0.148196
0.945329 0.152275
0.945329 0.155740
0.945329 0.158697
0.945329 0.161229
0.945329 0.163405
0.945329 0.165282
0.945329 0.166904
0.945329 0.168310
0.945329 0.169531
0.945329 0.170593
0.945329 0.171519
0.945329 0.172327
0.945329 0.173033
0.945329 0.173651
0.945329 0.174192
0.945329 0.174667
0.945329 0.175083
0.945329 0.175448
0.945329 0.175769
0.945329 0.176051
0.945329 0.176299
0.945329 0.176518
0.945329 0.176710
0.945329 0.176879
0.945329 0.177028
0.945329 0.177159
0.818357 0.177274
0.818357 0.177376
0.818357 0.177466
0.818357 0.177545
0.818357 0.177615
0.818357 0.177676
0.818357 0.177722
0.818357 0.177749
0.818357 0.177766
0.818357 0.177776
0.818357 0.177782
0.818357 0.177786
0.818357 0.177789
0.818357 0.177790
0.818357 0.177791
0.818357 0.177792
0.818357 0.177792
0.818357 0.177792
0.818357 0.177792
0.818357 0.177793
0.818357 0.177793
0.818357 0.177793
0.818357 0.177793
0.818357 0.177793
0.818357 0.177793
0.818357 0.177793
0.818357 0.177793
0.818357 0.177793
0.818357 0.177793
0.818357 0.177793
0.818357 0.177793
0.818357 0.177793
0.818357 0.177793
0.818357 0.177793
0.818357 0.177793
0.818357 0.177793
0.818357 0.177793
0.818357 0.177793
0.818357 0.177793
0.818357 0.177793
0.818357 0.177793
0.818357 0.177793
0.818357 0.177793
0.818357 0.177793
0.818357 0.177793
0.818357 0.177793
0.818357 0.177793
0.818357 0.177793
0.818357 0.177793
0.818357 0.177793
0.119914 0.177793
0.119914 0.177793
0.119914 0.177793
0.119914 0.177793
0.119914 0.177793
0.119914 0.177793
0.119914 0.176405
0.119914 0.173110
0.119914 0.168760
0.119914 0.163866
0.119914 0.158754
0.119914 0.153640
0.119914 0.148665
0.119914 0.143919
0.119914 0.139456
0.119914 0.135306
0.119914 0.131478
0.119914 0.127972
0.119914 0.124778
0.119914 0.121881
0.119914 0.119263
0.119914 0.116906
0.119914 0.114788
0.119914 0.112890
0.119914 0.111192
0.119914 0.109676
0.119914 0.108324
0.119914 0.107119
0.119914 0.106048
0.119914 0.105095
0.119914 0.104250
0.119914 0.103499
0.119914 0.102834
0.119914 0.102244
0.119914 0.101722
0.119914 0.101259
0.119914 0.100849
0.119914 0.100487
0.119914 0.100167
0.119914 0.099883
0.119914 0.099633
0.119914 0.099411
0.119914 0.099216
0.119914 0.099043
0.119914 0.098890
0.119914 0.098755
0.119914 0.098636
0.119914 0.098531
0.119914 0.098438
0.119914 0.098356
-0.372819 0.098283
-0.372819 0.098219
-0.372819 0.098163
-0.372819 0.098113
-0.372819 0.098069
-0.372819 0.098030
-0.372819 0.091765
-0.372819 0.076405
-0.372819 0.054990
-0.372819 0.029329
-0.372819 0.000743
-0.372819 -0.029694
-0.372819 -0.061080
-0.372819 -0.092661
-0.372819 -0.123828
-0.372819 -0.154101
-0.372819 -0.183121
-0.372819 -0.210634
-0.372819 -0.236475
-0.372819 -0.260555
-0.372819 -0.282838
-0.372819 -0.303339
-0.372819 -0.322103
-0.372819 -0.339201
-0.372819 -0.354721
-0.372819 -0.368761
-0.372819 -0.381425
-0.372819 -0.392817
-0.372819 -0.403043
-0.372819 -0.412203
-0.372819 -0.420393
-0.372819 -0.427705
-0.372819 -0.434225
-0.372819 -0.440031
-0.372819 -0.445195
-0.372819 -0.449785
-0.372819 -0.453861
-0.372819 -0.457477
-0.372819 -0.460684
-0.372819 -0.463526
-0.372819 -0.466044
-0.372819 -0.468273
-0.372819 -0.470247
-0.372819 -0.471992
-0.372819 -0.473536
-0.372819 -0.474902
-0.372819 -0.476109
-0.372819 -0.477176
-0.372819 -0.478119
-0.372819 -0.478952
0.776400 -0.479688
0.776400 -0.480338
0.776400 -0.480913
0.776400 -0.481420
0.776400 -0.481868
0.776400 -0.482263
0.776400 -0.440543
0.776400 -0.352939
0.776400 -0.258370
0.776400 -0.174022
0.776400 -0.104589
0.776400 -0.049404
0.776400 -0.006112
0.776400 0.027792
0.776400 0.054460
0.776400 0.075592
0.776400 0.092482
0.776400 0.106105
0.776400 0.117191
0.776400 0.126288
0.776400 0.133812
0.776400 0.140079
0.776400 0.145333
0.776400 0.149764
0.776400 0.153520
0.776400 0.156718
0.776400 0.159453
0.776400 0.161800
0.776400 0.163821
0.776400 0.165566
0.776400 0.167077
0.776400 0.168388
0.776400 0.169528
0.776400 0.170520
0.776400 0.171386
0.776400 0.172142
0.776400 0.172803
0.776400 0.173382
0.776400 0.173890
0.776400 0.174334
0.776400 0.174725
0.776400 0.175068
0.776400 0.175369
0.776400 0.175634
0.776400 0.175867
0.776400 0.176072
0.776400 0.176252
0.776400 0.176411
0.776400 0.176551
0.776400 0.176675
0.349146 0.176783
0.349146 0.176879
0.349146 0.176963
0.349146 0.177038
0.349146 0.177103
0.349146 0.177161
0.349146 0.176860
0.349146 0.176091
0.349146 0.175095
0.349146 0.174014
0.349146 0.172930
0.349146 0.171888
0.349146 0.170913
0.349146 0.170014
0.349146 0.169197
0.349146 0.168458
0.349146 0.167794
0.349146 0.167200
0.349146 0.166669
0.349146 0.166197
0.349146 0.165777
0.349146 0.165405
0.349146 0.165074
0.349146 0.164781
0.349146 0.164521
0.349146 0.164291
0.349146 0.164088
0.349146 0.163908
0.349146 0.163749
0.349146 0.163608
0.349146 0.163484
0.349146 0.163374
0.349146 0.163277
0.349146 0.163191
0.349146 0.163116
0.349146 0.163049
0.349146 0.162990
0.349146 0.162937
0.349146 0.162891
0.349146 0.162851
0.349146 0.162815
0.349146 0.162783
0.349146 0.162755
0.349146 0.162730
0.349146 0.162709
0.349146 0.162689
0.349146 0.162672
0.349146 0.162657
0.349146 0.162644
0.349146 0.162632
-0.217825 0.162622
-0.217825 0.162613
-0.217825 0.162605
-0.217825 0.162598
-0.217825 0.162592
-0.217825 0.162586
-0.217825 0.158348
-0.217825 0.147807
-0.217825 0.132830
-0.217825 0.114497
-0.217825 0.093625
-0.217825 0.070933
-0.217825 0.047073
-0.217825 0.022630
-0.217825 -0.001884
-0.217825 -0.026044
-0.217825 -0.049506
-0.217825 -0.072008
-0.217825 -0.093359
-0.217825 -0.113436
-0.217825 -0.132165
-0.217825 -0.149518
-0.217825 -0.165501
-0.217825 -0.180146
-0.217825 -0.193504
-0.217825 -0.205640
-0.217825 -0.216629
-0.217825 -0.226547
-0.217825 -0.235476
-0.217825 -0.243496
-0.217825 -0.250683
-0.217825 -0.257113
-0.217825 -0.262856
-0.217825 -0.267979
-0.217825 -0.272542
-0.217825 -0.276602
-0.217825 -0.280211
-0.217825 -0.283417
-0.217825 -0.286263
-0.217825 -0.288786
-0.217825 -0.291023
-0.217825 -0.293005
-0.217825 -0.294760
-0.217825 -0.296313
-0.217825 -0.297688
-0.217825 -0.298904
-0.217825 -0.299979
-0.217825 -0.300930
-0.217825 -0.301770
-0.217825 -0.302513
0.014368 -0.303169
0.014368 -0.303749
0.014368 -0.304261
0.014368 -0.304714
0.014368 -0.305113
0.014368 -0.305466
0.014368 -0.293634
0.014368 -0.266943
0.014368 -0.235167
0.014368 -0.203493
0.014368 -0.174285
0.014368 -0.148383
0.014368 -0.125872
0.014368 -0.106509
0.014368 -0.089929
0.014368 -0.075752
0.014368 -0.063624
0.014368 -0.053232
0.014368 -0.044310
0.014368 -0.036632
0.014368 -0.030010
0.014368 -0.024286
0.014368 -0.019326
0.014368 -0.015021
0.014368 -0.011278
0.014368 -0.008017
0.014368 -0.005172
0.014368 -0.002688
0.014368 -0.000515
0.014368 0.001387
0.014368 0.003053
0.014368 0.004515
0.014368 0.005797
0.014368 0.006924
0.014368 0.007914
0.014368 0.008784
0.014368 0.009549
0.014368 0.010222
0.014368 0.010815
0.014368 0.011337
0.014368 0.011796
0.014368 0.012201
0.014368 0.012558
0.014368 0.012872
0.014368 0.013149
0.014368 0.013393
0.014368 0.013609
0.014368 0.013798
0.014368 0.013966
0.014368 0.014113
0.048207 0.014244
0.048207 0.014359
0.048207 0.014460
0.048207 0.014549
0.048207 0.014628
0.048207 0.014698
0.048207 0.015634
0.048207 0.017690
0.048207 0.020227
0.048207 0.022885
0.048207 0.025471
0.048207 0.027887
0.048207 0.030094
0.048207 0.032080
0.048207 0.033852
0.048207 0.035425
0.048207 0.036816
0.048207 0.038044
0.048207 0.039126
0.048207 0.040080
0.048207 0.040919
0.048207 0.041658
0.048207 0.042308
0.048207 0.042881
0.048207 0.043385
0.048207 0.043830
0.048207 0.044221
0.048207 0.044566
0.048207 0.044869
0.048207 0.045137
0.048207 0.045373
0.048207 0.045581
0.048207 0.045765
0.048207 0.045926
0.048207 0.046069
0.048207 0.046195
0.048207 0.046306
0.048207 0.046404
0.048207 0.046490
0.048207 0.046566
0.048207 0.046633
0.048207 0.046693
0.048207 0.046745
0.048207 0.046791
0.048207 0.046832
0.048207 0.046868
0.048207 0.046899
0.048207 0.046927
0.048207 0.046952
0.048207 0.046974
0.856002 0.046993
0.856002 0.047010
0.856002 0.047025
0.856002 0.047038
0.856002 0.047050
0.856002 0.047060
0.856002 0.052357
0.856002 0.064015
0.856002 0.077690
0.856002 0.091125
0.856002 0.103339
0.856002 0.114027
0.856002 0.123200
0.856002 0.131002
0.856002 0.137615
0.856002 0.143219
0.856002 0.147973
0.856002 0.152018
0.856002 0.155469
0.856002 0.158421
0.856002 0.160955
0.856002 0.163136
0.856002 0.165018
0.856002 0.166646
0.856002 0.168057
0.856002 0.169283
0.856002 0.170350
0.856002 0.171280
0.856002 0.172092
0.856002 0.172801
0.856002 0.173422
0.856002 0.173966
0.856002 0.174442
0.856002 0.174860
0.856002 0.175228
0.856002 0.175550
0.856002 0.175833
0.856002 0.176083
0.856002 0.176302
0.856002 0.176495
0.856002 0.176665
0.856002 0.176814
0.856002 0.176946
0.856002 0.177062
0.856002 0.177164
0.856002 0.177255
0.856002 0.177334
0.856002 0.177404
0.856002 0.177466
0.856002 0.177520
0.142746 0.177568
0.142746 0.177611
0.142746 0.177648
0.142746 0.177681
0.142746 0.177710
0.142746 0.177736
0.142746 0.176519
0.142746 0.173608
0.142746 0.169778
0.142746 0.165492
0.142746 0.161042
0.142746 0.156617
0.142746 0.152336
0.142746 0.148273
0.142746 0.144470
0.142746 0.140948
0.142746 0.137712
0.142746 0.134759
0.142746 0.132076
0.142746 0.129649
0.142746 0.127462
0.142746 0.125495
0.142746 0.123732
0.142746 0.122155
0.142746 0.120746
0.142746 0.119489
0.142746 0.118369
0.142746 0.117373
0.142746 0.116487
0.142746 0.115701
0.142746 0.115003
0.142746 0.114384
0.142746 0.113836
0.142746 0.113350
0.142746 0.112919
0.142746 0.112538
0.142746 0.112201
0.142746 0.111903
0.142746 0.111640
0.142746 0.111407
0.142746 0.111201
0.142746 0.111019
0.142746 0.110858
0.142746 0.110716
0.142746 0.110590
0.142746 0.110479
0.142746 0.110381
0.142746 0.110295
0.142746 0.110219
0.142746 0.110151
0.336675 0.110092
0.336675 0.110039
0.336675 0.109993
0.336675 0.109952
0.336675 0.109916
0.336675 0.109884
0.336675 0.111478
0.336675 0.115117
0.336675 0.119562
0.336675 0.124130
0.336675 0.128477
0.336675 0.132452
0.336675 0.136006
0.336675 0.139144
0.336675 0.141896
0.336675 0.144299
0.336675 0.146395
0.336675 0.148221
0.336675 0.149813
0.336675 0.151201
0.336675 0.152412
0.336675 0.153470
0.336675 0.154396
0.336675 0.155205
0.336675 0.155914
0.336675 0.156536
0.336675 0.157081
0.336675 0.157560
0.336675 0.157980
0.336675 0.158349
0.336675 0.158674
0.336675 0.158960
0.336675 0.159211
0.336675 0.159432
0.336675 0.159627
0.336675 0.159799
0.336675 0.159950
0.336675 0.160083
0.336675 0.160200
0.336675 0.160304
0.336675 0.160395
0.336675 0.160476
0.336675 0.160546
0.336675 0.160609
0.336675 0.160664
0.336675 0.160713
0.336675 0.160756
0.336675 0.160793
0.336675 0.160827
0.336675 0.160856
-0.895483 0.160882
-0.895483 0.160905
-0.895483 0.160925
-0.895483 0.160943
-0.895483 0.160959
-0.895483 0.160973
-0.895483 0.155656
-0.895483 0.142162
-0.895483 0.122435
-0.895483 0.097490
-0.895483 0.068137
-0.895483 0.035189
-0.895483 -0.000503
-0.895483 -0.038077
-0.895483 -0.076703
-0.895483 -0.115624
-0.895483 -0.154175
-0.895483 -0.191805
-0.895483 -0.228074
-0.895483 -0.262652
-0.895483 -0.295306
-0.895483 -0.325891
-0.895483 -0.354330
-0.895483 -0.380611
-0.895483 -0.404761
-0.895483 -0.426849
-0.895483 -0.446963
-0.895483 -0.465212
-0.895483 -0.481716
-0.895483 -0.496597
-0.895483 -0.509982
-0.895483 -0.521993
-0.895483 -0.532751
-0.895483 -0.542369
-0.895483 -0.550956
-0.895483 -0.558611
-0.895483 -0.565427
-0.895483 -0.571490
-0.895483 -0.576878
-0.895483 -0.581663
-0.895483 -0.585908
-0.895483 -0.589672
-0.895483 -0.593008
-0.895483 -0.595963
-0.895483 -0.598580
-0.895483 -0.600896
-0.895483 -0.602945
-0.895483 -0.604757
-0.895483 -0.606360
-0.895483 -0.607776
-0.345885 -0.609029
-0.345885 -0.610135
-0.345885 -0.611113
-0.345885 -0.611977
-0.345885 -0.612740
-0.345885 -0.613414
-0.345885 -0.609629
-0.345885 -0.600151
-0.345885 -0.588200
-0.345885 -0.575600
-0.345885 -0.563329
-0.345885 -0.551868
-0.345885 -0.541420
-0.345885 -0.532031
-0.345885 -0.523670
-0.345885 -0.516265
-0.345885 -0.509727
-0.345885 -0.503968
-0.345885 -0.498899
-0.345885 -0.494441
-0.345885 -0.490521
-0.345885 -0.487074
-0.345885 -0.484042
-0.345885 -0.481375
-0.345885 -0.479029
-0.345885 -0.476963
-0.345885 -0.475145
-0.345885 -0.473544
-0.345885 -0.472134
-0.345885 -0.470892
-0.345885 -0.469798
-0.345885 -0.468833
-0.345885 -0.467983
-0.345885 -0.467233
-0.345885 -0.466573
-0.345885 -0.465990
-0.345885 -0.465476
-0.345885 -0.465023
-0.345885 -0.464624
-0.345885 -0.464271
-0.345885 -0.463960
-0.345885 -0.463686
-0.345885 -0.463444
-0.345885 -0.463231
-0.345885 -0.463042
-0.345885 -0.462876
-0.345885 -0.462730
-0.345885 -0.462600
-0.345885 -0.462486
-0.345885 -0.462385
-0.887197 -0.462296
-0.887197 -0.462218
-0.887197 -0.462149
-0.887197 -0.462088
-0.887197 -0.462034
-0.887197 -0.461986
-0.887197 -0.465567
-0.887197 -0.473935
-0.887197 -0.484602
-0.887197 -0.496120
-0.887197 -0.507650
-0.887197 -0.518722
-0.887197 -0.529088
-0.887197 -0.538634
-0.887197 -0.547330
-0.887197 -0.555189
-0.887197 -0.562254
-0.887197 -0.568580
-0.887197 -0.574228
-0.887197 -0.579260
-0.887197 -0.583734
-0.887197 -0.587709
-0.887197 -0.591236
-0.887197 -0.594362
-0.887197 -0.597133
-0.887197 -0.599586
-0.887197 -0.601757
-0.887197 -0.603678
-0.887197 -0.605376
-0.887197 -0.606879
-0.887197 -0.608207
-0.887197 -0.609380
-0.887197 -0.610417
-0.887197 -0.611334
-0.887197 -0.612143
-0.887197 -0.612858
-0.887197 -0.613490
-0.887197 -0.614047
-0.887197 -0.614540
-0.887197 -0.614975
-0.887197 -0.615359
-0.887197 -0.615698
-0.887197 -0.615997
-0.887197 -0.616261
-0.887197 -0.616494
-0.887197 -0.616700
-0.887197 -0.616882
-0.887197 -0.617042
-0.887197 -0.617184
-0.887197 -0.617308
-0.640345 -0.617419
-0.640345 -0.617516
-0.640345 -0.617602
-0.640345 -0.617678
-0.640345 -0.617745
-0.640345 -0.617804
-0.640345 -0.617348
-0.640345 -0.616227
-0.640345 -0.614803
-0.640345 -0.613284
-0.640345 -0.611787
-0.640345 -0.610371
-0.640345 -0.609064
-0.640345 -0.607878
-0.640345 -0.606811
-0.640345 -0.605857
-0.640345 -0.605008
-0.640345 -0.604255
-0.640345 -0.603588
-0.640345 -0.602998
-0.640345 -0.602477
-0.640345 -0.602016
-0.640345 -0.601610
-0.640345 -0.601251
-0.640345 -0.600934
-0.640345 -0.600655
-0.640345 -0.600408
-0.640345 -0.600191
-0.640345 -0.599999
-0.640345 -0.599829
-0.640345 -0.599680
-0.640345 -0.599548
-0.640345 -0.599431
-0.640345 -0.599329
-0.640345 -0.599238
-0.640345 -0.599158
-0.640345 -0.599088
-0.640345 -0.599025
-0.640345 -0.598970
-0.640345 -0.598922
-0.640345 -0.598879
-0.640345 -0.598841
-0.640345 -0.598808
-0.640345 -0.598779
-0.640345 -0.598753
-0.640345 -0.598730
-0.640345 -0.598709
-0.640345 -0.598692
-0.640345 -0.598676
-0.640345 -0.598662
0.851866 -0.598650
0.851866 -0.598639
0.851866 -0.598629
0.851866 -0.598621
0.851866 -0.598614
0.851866 -0.598607
0.851866 -0.546862
0.851866 -0.439464
0.851866 -0.324804
0.851866 -0.223753
0.851866 -0.141563
0.851866 -0.076987
0.851866 -0.026868
0.851866 0.012000
0.851866 0.042303
0.851866 0.066125
0.851866 0.085031
0.851866 0.100184
0.851866 0.112447
0.851866 0.122461
0.851866 0.130706
0.851866 0.137548
0.851866 0.143265
0.851866 0.148071
0.851866 0.152134
0.851866 0.155586
0.851866 0.158531
0.851866 0.161055
0.851866 0.163224
0.851866 0.165095
0.851866 0.166712
0.851866 0.168114
0.851866 0.169331
0.851866 0.170391
0.851866 0.171314
0.851866 0.172120
0.851866 0.172824
0.851866 0.173440
0.851866 0.173980
0.851866 0.174454
0.851866 0.174869
0.851866 0.175233
0.851866 0.175553
0.851866 0.175835
0.851866 0.176082
0.851866 0.176300
0.851866 0.176492
0.851866 0.176660
0.851866 0.176809
0.851866 0.176940
0.876030 0.177055
0.876030 0.177157
0.876030 0.177246
0.876030 0.177325
0.876030 0.177395
0.876030 0.177456
0.876030 0.177512
0.876030 0.177564
0.876030 0.177611
0.876030 0.177654
0.876030 0.177692
0.876030 0.177726
0.876030 0.177757
0.876030 0.177783
0.876030 0.177807
0.876030 0.177828
0.876030 0.177847
0.876030 0.177863
0.876030 0.177878
0.876030 0.177891
0.876030 0.177902
0.876030 0.177912
0.876030 0.177921
0.876030 0.177928
0.876030 0.177935
0.876030 0.177941
0.876030 0.177947
0.876030 0.177951
0.876030 0.177955
0.876030 0.177959
0.876030 0.177962
0.876030 0.177965
0.876030 0.177968
0.876030 0.177970
0.876030 0.177972
0.876030 0.177974
0.876030 0.177975
0.876030 0.177977
0.876030 0.177978
0.876030 0.177979
0.876030 0.177980
0.876030 0.177980
0.876030 0.177981
0.876030 0.177982
0.876030 0.177982
0.876030 0.177983
0.876030 0.177983
0.876030 0.177984
0.876030 0.177984
0.876030 0.177984
0.428185 0.177985
0.428185 0.177985
0.428185 0.177985
0.428185 0.177985
0.428185 0.177985
0.428185 0.177986
0.428185 0.177777
0.428185 0.177294
0.428185 0.176683
0.428185 0.176028
0.428185 0.175377
0.428185 0.174756
0.428185 0.174178
0.428185 0.173648
0.428185 0.173168
0.428185 0.172736
0.428185 0.172350
0.428185 0.172005
0.428185 0.171698
0.428185 0.171425
0.428185 0.171183
0.428185 0.170968
0.428185 0.170778
0.428185 0.170610
0.428185 0.170462
0.428185 0.170330
0.428185 0.170214
0.428185 0.170111
0.428185 0.170020
0.428185 0.169940
0.428185 0.169869
0.428185 0.169807
0.428185 0.169751
0.428185 0.169702
0.428185 0.169659
0.428185 0.169621
0.428185 0.169588
0.428185 0.169558
0.428185 0.169532
0.428185 0.169509
0.428185 0.169488
0.428185 0.169470
0.428185 0.169454
0.428185 0.169440
0.428185 0.169428
0.428185 0.169417
0.428185 0.169407
0.428185 0.169399
0.428185 0.169391
0.428185 0.169385
0.465375 0.169379
0.465375 0.169374
0.465375 0.169369
0.465375 0.169365
0.465375 0.169362
0.465375 0.169358
0.465375 0.169410
0.465375 0.169531
0.465375 0.169685
0.465375 0.169848
0.465375 0.170008
0.465375 0.170160
0.465375 0.170300
0.465375 0.170427
0.465375 0.170541
0.465375 0.170643
0.465375 0.170734
0.465375 0.170815
0.465375 0.170886
0.465375 0.170949
0.465375 0.171005
0.465375 0.171054
0.465375 0.171098
0.465375 0.171136
0.465375 0.171170
0.465375 0.171200
0.465375 0.171226
0.465375 0.171249
0.465375 0.171270
0.465375 0.171288
0.465375 0.171304
0.465375 0.171318
0.465375 0.171330
0.465375 0.171341
0.465375 0.171351
0.465375 0.171360
0.465375 0.171367
0.465375 0.171374
0.465375 0.171380
0.465375 0.171385
0.465375 0.171389
0.465375 0.171393
0.465375 0.171397
0.465375 0.171400
0.465375 0.171403
0.465375 0.171405
0.465375 0.171407
0.465375 0.171409
0.465375 0.171411
0.465375 0.171413
-0.076505 0.171414
-0.076505 0.171415
-0.076505 0.171416
-0.076505 0.171417
-0.076505 0.171418
-0.076505 0.171418
-0.076505 0.168386
-0.076505 0.160955
-0.076505 0.150653
-0.076505 0.138391
-0.076505 0.124826
-0.076505 0.110482
-0.076505 0.095786
-0.076505 0.081084
-0.076505 0.066653
-0.076505 0.052702
-0.076505 0.039386
-0.076505 0.026809
-0.076505 0.015035
-0.076505 0.004098
-0.076505 -0.005997
-0.076505 -0.015263
-0.076505 -0.023726
-0.076505 -0.031424
-0.076505 -0.038400
-0.076505 -0.044702
-0.076505 -0.050379
-0.076505 -0.055480
-0.076505 -0.060054
-0.076505 -0.064148
-0.076505 -0.067806
-0.076505 -0.071070
-0.076505 -0.073978
-0.076505 -0.076566
-0.076505 -0.078868
-0.076505 -0.080912
-0.076505 -0.082727
-0.076505 -0.084337
-0.076505 -0.085764
-0.076505 -0.087028
-0.076505 -0.088148
-0.076505 -0.089140
-0.076505 -0.090017
-0.076505 -0.090793
-0.076505 -0.091479
-0.076505 -0.092086
-0.076505 -0.092623
-0.076505 -0.093097
-0.076505 -0.093516
-0.076505 -0.093886
0.862659 -0.094213
0.862659 -0.094502
0.862659 -0.094757
0.862659 -0.094982
0.862659 -0.095181
0.862659 -0.095357
0.862659 -0.081937
0.862659 -0.052811
0.862659 -0.019771
0.862659 0.011422
0.862659 0.038639
0.862659 0.061523
0.862659 0.080444
0.862659 0.095994
0.862659 0.108771
0.862659 0.119299
0.862659 0.128014
0.862659 0.135264
0.862659 0.141329
0.862659 0.146429
0.862659 0.150739
0.862659 0.154399
0.862659 0.157519
0.862659 0.160189
0.862659 0.162483
0.862659 0.164459
0.862659 0.166166
0.862659 0.167644
0.862659 0.168928
0.862659 0.170043
0.862659 0.171015
0.862659 0.171863
0.862659 0.172604
0.862659 0.173252
0.862659 0.173819
0.862659 0.174317
0.862659 0.174753
0.862659 0.175135
0.862659 0.175472
0.862659 0.175767
0.862659 0.176027
0.862659 0.176255
0.862659 0.176456
0.862659 0.176633
0.862659 0.176789
0.862659 0.176926
0.862659 0.177047
0.862659 0.177153
0.862659 0.177247
0.862659 0.177330
-0.187160 0.177403
-0.187160 0.177467
-0.187160 0.177524
-0.187160 0.177574
-0.187160 0.177618
-0.187160 0.177657
-0.187160 0.173978
-0.187160 0.164728
-0.187160 0.151479
-0.187160 0.135123
-0.187160 0.116345
-0.187160 0.095764
-0.187160 0.073961
-0.187160 0.051471
-0.187160 0.028775
-0.187160 0.006284
-0.187160 -0.015667
-0.187160 -0.036813
-0.187160 -0.056956
-0.187160 -0.075963
-0.187160 -0.093747
-0.187160 -0.110270
-0.187160 -0.125525
-0.187160 -0.139532
-0.187160 -0.152333
-0.187160 -0.163982
-0.187160 -0.174544
-0.187160 -0.184090
-0.187160 -0.192694
-0.187160 -0.200429
-0.187160 -0.207367
-0.187160 -0.213579
-0.187160 -0.219132
-0.187160 -0.224087
-0.187160 -0.228503
-0.187160 -0.232435
-0.187160 -0.235932
-0.187160 -0.239038
-0.187160 -0.241797
-0.187160 -0.244244
-0.187160 -0.246414
-0.187160 -0.248336
-0.187160 -0.250039
-0.187160 -0.251547
-0.187160 -0.252881
-0.187160 -0.254062
-0.187160 -0.255106
-0.187160 -0.256029
-0.187160 -0.256845
-0.187160 -0.257566
0.366412 -0.258204
0.366412 -0.258767
0.366412 -0.259264
0.366412 -0.259704
0.366412 -0.260092
0.366412 -0.260435
0.366412 -0.237933
0.366412 -0.189481
0.366412 -0.135290
0.366412 -0.084965
0.366412 -0.041792
0.366412 -0.006083
0.366412 0.022993
0.366412 0.046555
0.366412 0.065669
0.366412 0.081241
0.366412 0.093999
0.366412 0.104518
0.366412 0.113246
0.366412 0.120534
0.366412 0.126654
0.366412 0.131821
0.366412 0.136205
0.366412 0.139941
0.366412 0.143137
0.366412 0.145881
0.366412 0.148245
0.366412 0.150287
0.366412 0.152055
0.366412 0.153589
0.366412 0.154923
0.366412 0.156085
0.366412 0.157099
0.366412 0.157985
0.366412 0.158759
0.366412 0.159437
0.366412 0.160031
0.366412 0.160552
0.366412 0.161010
0.366412 0.161412
0.366412 0.161765
0.366412 0.162075
0.366412 0.162348
0.366412 0.162588
0.366412 0.162800
0.366412 0.162986
0.366412 0.163150
0.366412 0.163294
0.366412 0.163421
0.366412 0.163534
0.299832 0.163632
0.299832 0.163720
0.299832 0.163796
0.299832 0.163864
0.299832 0.163924
0.299832 0.163977
0.299832 0.163816
0.299832 0.163378
0.299832 0.162809
0.299832 0.162193
0.299832 0.161579
0.299832 0.160992
0.299832 0.160446
0.299832 0.159946
0.299832 0.159493
0.299832 0.159086
0.299832 0.158721
0.299832 0.158396
0.299832 0.158107
0.299832 0.157851
0.299832 0.157623
0.299832 0.157421
0.299832 0.157243
0.299832 0.157085
0.299832 0.156946
0.299832 0.156822
0.299832 0.156713
0.299832 0.156617
0.299832 0.156532
0.299832 0.156456
0.299832 0.156390
0.299832 0.156331
0.299832 0.156280
0.299832 0.156234
0.299832 0.156193
0.299832 0.156158
0.299832 0.156126
0.299832 0.156099
0.299832 0.156074
0.299832 0.156052
0.299832 0.156033
0.299832 0.156016
0.299832 0.156002
0.299832 0.155988
0.299832 0.155977
0.299832 0.155967
0.299832 0.155958
0.299832 0.155950
0.299832 0.155943
0.299832 0.155936
0.000000 0.000000
