0.000000 0.000000
0.000000 0.000000
0.000000 0.000000
0.000000 0.000000
0.000000 0.000000
0.000000 0.000000
0.000000 0.000000
0.000000 0.000000
0.000000 0.000000
0.000000 0.000000
0.000000 0.000000
0.000000 0.000000
0.000000 0.000000
0.000000 0.000000
0.000000 0.000000
0.000000 0.000000
0.000000 0.000000
0.000000 0.000000
0.000000 0.000000
0.000000 0.000000
0.000000 0.000000
0.000000 0.000000
0.000000 0.000000
0.000000 0.000000
0.000000 0.000000
0.000000 0.000000
0.000000 0.000000
0.000000 0.000000
0.000000 0.000000
0.000000 0.000000
0.000000 0.000000
0.000000 0.000000
0.000000 0.000000
0.000000 0.000000
0.000000 0.000000
0.000000 0.000000
0.000000 0.000000
0.000000 0.000000
0.000000 0.000000
0.000000 0.000000
0.000000 0.000000
0.000000 0.000000
0.000000 0.000000
0.000000 0.000000
0.000000 0.000000
0.000000 0.000000
0.000000 0.000000
0.000000 0.000000
0.000000 0.000000
0.000000 0.000000
0.000000 0.000000
0.000000 0.000000
0.000000 0.000000
0.000000 0.000000
0.000000 0.000000
0.000000 0.000000
0.000000 0.000000
0.000000 0.000000
0.000000 0.000000
0.000000 0.000000
0.000000 0.000000
0.000000 0.000000
0.000000 0.000000
0.000000 0.000000
0.000000 0.000000
0.000000 0.000000
0.000000 0.000000
0.000000 0.000000
0.000000 0.000000
0.000000 0.000000
0.000000 0.000000
0.000000 0.000000
0.000000 0.000000
0.000000 0.000000
0.000000 0.000000
0.000000 0.000000
0.000000 0.000000
0.000000 0.000000
0.000000 0.000000
0.000000 0.000000
0.000000 0.000000
0.000000 0.000000
0.000000 0.000000
0.000000 0.000000
0.000000 0.000000
0.000000 0.000000
0.000000 0.000000
0.000000 0.000000
0.000000 0.000000
0.000000 0.000000
0.000000 0.000000
0.000000 0.000000
0.000000 0.000000
0.000000 0.000000
0.000000 0.000000
0.000000 0.000000
0.000000 0.000000
0.000000 0.000000
0.000000 0.000000
-0.553418 0.000000
-0.553418 0.000000
-0.553418 0.000000
-0.553418 0.000000
-0.553418 0.000000
-0.553418 0.000000
-0.553418 -0.007767
-0.553418 -0.026568
-0.553418 -0.052146
-0.553418 -0.081934
-0.553418 -0.114162
-0.553418 -0.147521
-0.553418 -0.181023
-0.553418 -0.213927
-0.553418 -0.245695
-0.553418 -0.275950
-0.553418 -0.304447
-0.553418 -0.331046
-0.553418 -0.355685
-0.553418 -0.378363
-0.553418 -0.399122
-0.553418 -0.418038
-0.553418 -0.435206
-0.553418 -0.450732
-0.553418 -0.464732
-0.553418 -0.477323
-0.553418 -0.488622
-0.553418 -0.498740
-0.553418 -0.507785
-0.553418 -0.515858
-0.553418 -0.523055
-0.553418 -0.529462
-0.553418 -0.535161
-0.553418 -0.540225
-0.553418 -0.544721
-0.553418 -0.548710
-0.553418 -0.552247
-0.553418 -0.555381
-0.553418 -0.558157
-0.553418 -0.560615
-0.553418 -0.562791
-0.553418 -0.564715
-0.553418 -0.566418
-0.553418 -0.567923
-0.553418 -0.569253
-0.553418 -0.570430
-0.553418 -0.571469
-0.553418 -0.572387
-0.553418 -0.573198
-0.553418 -0.573915
0.046327 -0.574548
0.046327 -0.575107
0.046327 -0.575600
0.046327 -0.576036
0.046327 -0.576421
0.046327 -0.576761
0.046327 -0.548039
0.046327 -0.485301
0.046327 -0.413340
0.046327 -0.344520
0.046327 -0.283674
0.046327 -0.231856
0.046327 -0.188494
0.046327 -0.152464
0.046327 -0.122564
0.046327 -0.097705
0.046327 -0.076964
0.046327 -0.059585
0.046327 -0.044955
0.046327 -0.032585
0.046327 -0.022079
0.046327 -0.013120
0.046327 -0.005452
0.046327 0.001134
0.046327 0.006806
0.046327 0.011707
0.046327 0.015950
0.046327 0.019633
0.046327 0.022835
0.046327 0.025624
0.046327 0.028056
0.046327 0.030182
0.046327 0.032040
0.046327 0.033667
0.046327 0.035093
0.046327 0.036344
0.046327 0.037441
0.046327 0.038405
0.046327 0.039252
0.046327 0.039997
0.046327 0.040652
0.046327 0.041228
0.046327 0.041736
0.046327 0.042182
0.046327 0.042576
0.046327 0.042922
0.046327 0.043228
0.046327 0.043497
0.046327 0.043734
0.046327 0.043943
0.101403 0.044127
0.101403 0.044290
0.101403 0.044433
0.101403 0.044560
0.101403 0.044671
0.101403 0.044770
0.101403 0.046031
0.101403 0.048782
0.101403 0.052159
0.101403 0.055675
0.101403 0.059073
0.101403 0.062230
0.101403 0.065096
0.101403 0.067663
0.101403 0.069943
0.101403 0.071958
0.101403 0.073733
0.101403 0.075294
0.101403 0.076667
0.101403 0.077872
0.101403 0.078932
0.101403 0.079862
0.101403 0.080680
0.101403 0.081399
0.101403 0.082031
0.101403 0.082587
0.101403 0.083076
0.101403 0.083507
0.101403 0.083886
0.101403 0.084220
0.101403 0.084514
0.101403 0.084773
0.101403 0.085001
0.101403 0.085203
0.101403 0.085380
0.101403 0.085537
0.101403 0.085674
0.101403 0.085796
0.101403 0.085903
0.101403 0.085998
0.101403 0.086081
0.101403 0.086155
0.101403 0.086220
0.101403 0.086277
0.101403 0.086328
0.101403 0.086372
0.101403 0.086412
0.101403 0.086446
0.101403 0.086477
0.101403 0.086504
-0.908796 0.086528
-0.908796 0.086549
-0.908796 0.086567
-0.908796 0.086584
-0.908796 0.086598
-0.908796 0.086611
-0.908796 0.079504
-0.908796 0.061934
-0.908796 0.037265
-0.908796 0.007482
-0.908796 -0.025947
-0.908796 -0.061798
-0.908796 -0.099016
-0.908796 -0.136697
-0.908796 -0.174090
-0.908796 -0.210592
-0.908796 -0.245739
-0.908796 -0.279194
-0.908796 -0.310726
-0.908796 -0.340199
-0.908796 -0.367550
-0.908796 -0.392773
-0.908796 -0.415909
-0.908796 -0.437031
-0.908796 -0.456236
-0.908796 -0.473635
-0.908796 -0.489349
-0.908796 -0.503502
-0.908796 -0.516218
-0.908796 -0.527619
-0.908796 -0.537821
-0.908796 -0.546936
-0.908796 -0.555068
-0.908796 -0.562313
-0.908796 -0.568762
-0.908796 -0.574495
-0.908796 -0.579587
-0.908796 -0.584108
-0.908796 -0.588118
-0.908796 -0.591673
-0.908796 -0.594822
-0.908796 -0.597611
-0.908796 -0.600081
-0.908796 -0.602266
-0.908796 -0.604199
-0.908796 -0.605908
-0.908796 -0.607420
-0.908796 -0.608756
-0.908796 -0.609936
-0.908796 -0.610980
-0.278542 -0.611902
-0.278542 -0.612716
-0.278542 -0.613435
-0.278542 -0.614071
-0.278542 -0.614632
-0.278542 -0.615127
-0.278542 -0.608808
-0.278542 -0.593838
-0.278542 -0.575260
-0.278542 -0.555902
-0.278542 -0.537242
-0.278542 -0.519974
-0.278542 -0.504361
-0.278542 -0.490436
-0.278542 -0.478116
-0.278542 -0.467269
-0.278542 -0.457743
-0.278542 -0.449389
-0.278542 -0.442067
-0.278542 -0.435650
-0.278542 -0.430025
-0.278542 -0.425093
-0.278542 -0.420765
-0.278542 -0.416967
-0.278542 -0.413632
-0.278542 -0.410701
-0.278542 -0.408125
-0.278542 -0.405860
-0.278542 -0.403867
-0.278542 -0.402113
-0.278542 -0.400569
-0.278542 -0.399209
-0.278542 -0.398012
-0.278542 -0.396957
-0.278542 -0.396027
-0.278542 -0.395208
-0.278542 -0.394486
-0.278542 -0.393849
-0.278542 -0.393288
-0.278542 -0.392793
-0.278542 -0.392357
-0.278542 -0.391972
-0.278542 -0.391632
-0.278542 -0.391333
-0.278542 -0.391069
-0.278542 -0.390836
-0.278542 -0.390630
-0.278542 -0.390449
-0.278542 -0.390289
-0.278542 -0.390147
-0.553838 -0.390023
-0.553838 -0.389913
-0.553838 -0.389816
-0.553838 -0.389730
-0.553838 -0.389655
-0.553838 -0.389588
-0.553838 -0.393798
-0.553838 -0.403674
-0.553838 -0.416319
-0.553838 -0.430037
-0.553838 -0.443838
-0.553838 -0.457151
-0.553838 -0.469670
-0.553838 -0.481245
-0.553838 -0.491825
-0.553838 -0.501420
-0.553838 -0.510070
-0.553838 -0.517835
-0.553838 -0.524783
-0.553838 -0.530985
-0.553838 -0.536511
-0.553838 -0.541427
-0.553838 -0.545795
-0.553838 -0.549673
-0.553838 -0.553112
-0.553838 -0.556160
-0.553838 -0.558860
-0.553838 -0.561251
-0.553838 -0.563367
-0.553838 -0.565239
-0.553838 -0.566894
-0.553838 -0.568358
-0.553838 -0.569652
-0.553838 -0.570796
-0.553838 -0.571807
-0.553838 -0.572700
-0.553838 -0.573489
-0.553838 -0.574186
-0.553838 -0.574801
-0.553838 -0.575345
-0.553838 -0.575825
-0.553838 -0.576248
-0.553838 -0.576623
-0.553838 -0.576953
-0.553838 -0.577245
-0.553838 -0.577502
-0.553838 -0.577729
-0.553838 -0.577930
-0.553838 -0.578107
-0.553838 -0.578263
0.377452 -0.578401
0.377452 -0.578523
0.377452 -0.578631
0.377452 -0.578726
0.377452 -0.578809
0.377452 -0.578883
0.377452 -0.532041
0.377452 -0.433984
0.377452 -0.328005
0.377452 -0.233288
0.377452 -0.155140
0.377452 -0.092885
0.377452 -0.043941
0.377452 -0.005531
0.377452 0.024737
0.377452 0.048761
0.377452 0.067992
0.377452 0.083524
0.377452 0.096178
0.377452 0.106573
0.377452 0.115178
0.377452 0.122352
0.377452 0.128371
0.377452 0.133449
0.377452 0.137757
0.377452 0.141427
0.377452 0.144566
0.377452 0.147262
0.377452 0.149583
0.377452 0.151589
0.377452 0.153325
0.377452 0.154833
0.377452 0.156143
0.377452 0.157285
0.377452 0.158281
0.377452 0.159151
0.377452 0.159911
0.377452 0.160578
0.377452 0.161162
0.377452 0.161674
0.377452 0.162123
0.377452 0.162518
0.377452 0.162865
0.377452 0.163170
0.377452 0.163438
0.377452 0.163674
0.377452 0.163882
0.377452 0.164065
0.377452 0.164226
0.377452 0.164368
-0.672537 0.164493
-0.672537 0.164603
-0.672537 0.164700
-0.672537 0.164786
-0.672537 0.164861
-0.672537 0.164928
-0.672537 0.159822
-0.672537 0.146778
-0.672537 0.127655
-0.672537 0.103412
-0.672537 0.074818
-0.672537 0.042650
-0.672537 0.007730
-0.672537 -0.029101
-0.672537 -0.067029
-0.672537 -0.105303
-0.672537 -0.143266
-0.672537 -0.180367
-0.672537 -0.216165
-0.672537 -0.250325
-0.672537 -0.282613
-0.672537 -0.312875
-0.672537 -0.341035
-0.672537 -0.367071
-0.672537 -0.391010
-0.672537 -0.412913
-0.672537 -0.432867
-0.672537 -0.450978
-0.672537 -0.467361
-0.672537 -0.482138
-0.672537 -0.495432
-0.672537 -0.507365
-0.672537 -0.518054
-0.672537 -0.527613
-0.672537 -0.536147
-0.672537 -0.543757
-0.672537 -0.550533
-0.672537 -0.556562
-0.672537 -0.561919
-0.672537 -0.566677
-0.672537 -0.570899
-0.672537 -0.574643
-0.672537 -0.577961
-0.672537 -0.580900
-0.672537 -0.583503
-0.672537 -0.585807
-0.672537 -0.587845
-0.672537 -0.589648
-0.672537 -0.591242
-0.672537 -0.592652
-0.859350 -0.593897
-0.859350 -0.594998
-0.859350 -0.595971
-0.859350 -0.596831
-0.859350 -0.597590
-0.859350 -0.598260
-0.859350 -0.599205
-0.859350 -0.600540
-0.859350 -0.602025
-0.859350 -0.603522
-0.859350 -0.604958
-0.859350 -0.606295
-0.859350 -0.607519
-0.859350 -0.608625
-0.859350 -0.609618
-0.859350 -0.610504
-0.859350 -0.611293
-0.859350 -0.611993
-0.859350 -0.612613
-0.859350 -0.613162
-0.859350 -0.613648
-0.859350 -0.614077
-0.859350 -0.614456
-0.859350 -0.614791
-0.859350 -0.615087
-0.859350 -0.615348
-0.859350 -0.615579
-0.859350 -0.615783
-0.859350 -0.615962
-0.859350 -0.616121
-0.859350 -0.616261
-0.859350 -0.616385
-0.859350 -0.616494
-0.859350 -0.616590
-0.859350 -0.616675
-0.859350 -0.616750
-0.859350 -0.616816
-0.859350 -0.616875
-0.859350 -0.616926
-0.859350 -0.616972
-0.859350 -0.617012
-0.859350 -0.617047
-0.859350 -0.617079
-0.859350 -0.617106
-0.859350 -0.617131
-0.859350 -0.617152
-0.859350 -0.617171
-0.859350 -0.617188
-0.859350 -0.617203
-0.859350 -0.617216
0.882022 -0.617227
0.882022 -0.617237
0.882022 -0.617246
0.882022 -0.617254
0.882022 -0.617261
0.882022 -0.617267
0.882022 -0.563916
0.882022 -0.453274
0.882022 -0.335326
0.882022 -0.231557
0.882022 -0.147307
0.882022 -0.081226
0.882022 -0.030024
0.882022 0.009627
0.882022 0.040498
0.882022 0.064738
0.882022 0.083955
0.882022 0.099342
0.882022 0.111784
0.882022 0.121936
0.882022 0.130290
0.882022 0.137218
0.882022 0.143004
0.882022 0.147865
0.882022 0.151974
0.882022 0.155463
0.882022 0.158440
0.882022 0.160989
0.882022 0.163180
0.882022 0.165069
0.882022 0.166701
0.882022 0.168116
0.882022 0.169345
0.882022 0.170414
0.882022 0.171345
0.882022 0.172158
0.882022 0.172869
0.882022 0.173491
0.882022 0.174035
0.882022 0.174512
0.882022 0.174931
0.882022 0.175299
0.882022 0.175622
0.882022 0.175905
0.882022 0.176155
0.882022 0.176375
0.882022 0.176568
0.882022 0.176738
0.882022 0.176888
0.882022 0.177019
0.127363 0.177136
0.127363 0.177238
0.127363 0.177328
0.127363 0.177408
0.127363 0.177478
0.127363 0.177540
0.127363 0.176249
0.127363 0.173107
0.127363 0.168950
0.127363 0.164275
0.127363 0.159399
0.127363 0.154529
0.127363 0.149800
0.127363 0.145296
0.127363 0.141067
0.127363 0.137140
0.127363 0.133523
0.127363 0.130214
0.127363 0.127202
0.127363 0.124474
0.127363 0.122010
0.127363 0.119793
0.127363 0.117803
0.127363 0.116020
0.127363 0.114425
0.127363 0.113002
0.127363 0.111734
0.127363 0.110604
0.127363 0.109600
0.127363 0.108707
0.127363 0.107915
0.127363 0.107212
0.127363 0.106589
0.127363 0.106037
0.127363 0.105547
0.127363 0.105114
0.127363 0.104731
0.127363 0.104392
0.127363 0.104092
0.127363 0.103827
0.127363 0.103592
0.127363 0.103385
0.127363 0.103202
0.127363 0.103040
0.127363 0.102897
0.127363 0.102771
0.127363 0.102660
0.127363 0.102561
0.127363 0.102474
0.127363 0.102398
-0.844015 0.102330
-0.844015 0.102270
-0.844015 0.102217
-0.844015 0.102170
-0.844015 0.102129
-0.844015 0.102093
-0.844015 0.095242
-0.844015 0.078299
-0.844015 0.054373
-0.844015 0.025279
-0.844015 -0.007618
-0.844015 -0.043154
-0.844015 -0.080293
-0.844015 -0.118128
-0.844015 -0.155884
-0.844015 -0.192927
-0.844015 -0.228755
-0.844015 -0.262994
-0.844015 -0.295380
-0.844015 -0.325747
-0.844015 -0.354006
-0.844015 -0.380130
-0.844015 -0.404145
-0.844015 -0.426112
-0.844015 -0.446119
-0.844015 -0.464272
-0.844015 -0.480688
-0.844015 -0.495490
-0.844015 -0.508804
-0.844015 -0.520751
-0.844015 -0.531451
-0.844015 -0.541018
-0.844015 -0.549558
-0.844015 -0.557171
-0.844015 -0.563950
-0.844015 -0.569980
-0.844015 -0.575338
-0.844015 -0.580096
-0.844015 -0.584317
-0.844015 -0.588060
-0.844015 -0.591378
-0.844015 -0.594316
-0.844015 -0.596918
-0.844015 -0.599221
-0.844015 -0.601258
-0.844015 -0.603060
-0.844015 -0.604654
-0.844015 -0.606063
-0.844015 -0.607308
-0.844015 -0.608408
0.445281 -0.609380
0.445281 -0.610239
0.445281 -0.610998
0.445281 -0.611668
0.445281 -0.612260
0.445281 -0.612782
0.445281 -0.562235
0.445281 -0.456348
0.445281 -0.342547
0.445281 -0.241573
0.445281 -0.158896
0.445281 -0.093524
0.445281 -0.042490
0.445281 -0.002699
0.445281 0.028474
0.445281 0.053086
0.445281 0.072695
0.445281 0.088465
0.445281 0.101265
0.445281 0.111746
0.445281 0.120397
0.445281 0.127590
0.445281 0.133611
0.445281 0.138682
0.445281 0.142975
0.445281 0.146626
0.445281 0.149746
0.445281 0.152421
0.445281 0.154723
0.445281 0.156709
0.445281 0.158428
0.445281 0.159918
0.445281 0.161213
0.445281 0.162341
0.445281 0.163324
0.445281 0.164182
0.445281 0.164933
0.445281 0.165590
0.445281 0.166165
0.445281 0.166670
0.445281 0.167113
0.445281 0.167501
0.445281 0.167843
0.445281 0.168143
0.445281 0.168407
0.445281 0.168640
0.445281 0.168844
0.445281 0.169024
0.445281 0.169183
0.445281 0.169323
-0.683096 0.169446
-0.683096 0.169554
-0.683096 0.169650
-0.683096 0.169734
-0.683096 0.169808
-0.683096 0.169874
-0.683096 0.164933
-0.683096 0.152278
-0.683096 0.133647
-0.683096 0.109919
-0.683096 0.081796
-0.683096 0.050012
-0.683096 0.015360
-0.683096 -0.021333
-0.683096 -0.059254
-0.683096 -0.097645
-0.683096 -0.135833
-0.683096 -0.173249
-0.683096 -0.209433
-0.683096 -0.244031
-0.683096 -0.276790
-0.683096 -0.307543
-0.683096 -0.336199
-0.683096 -0.362726
-0.683096 -0.387143
-0.683096 -0.409504
-0.683096 -0.429894
-0.683096 -0.448414
-0.683096 -0.465177
-0.683096 -0.480306
-0.683096 -0.493924
-0.683096 -0.506153
-0.683096 -0.517111
-0.683096 -0.526915
-0.683096 -0.535670
-0.683096 -0.543479
-0.683096 -0.550435
-0.683096 -0.556624
-0.683096 -0.562125
-0.683096 -0.567011
-0.683096 -0.571348
-0.683096 -0.575194
-0.683096 -0.578603
-0.683096 -0.581624
-0.683096 -0.584298
-0.683096 -0.586666
-0.683096 -0.588760
-0.683096 -0.590613
-0.683096 -0.592252
-0.683096 -0.593701
-0.499437 -0.594982
-0.499437 -0.596113
-0.499437 -0.597114
-0.499437 -0.597997
-0.499437 -0.598778
-0.499437 -0.599467
-0.499437 -0.598932
-0.499437 -0.596840
-0.499437 -0.594021
-0.499437 -0.590949
-0.499437 -0.587890
-0.499437 -0.584984
-0.499437 -0.582297
-0.499437 -0.579854
-0.499437 -0.577656
-0.499437 -0.575693
-0.499437 -0.573947
-0.499437 -0.572398
-0.499437 -0.571027
-0.499437 -0.569815
-0.499437 -0.568745
-0.499437 -0.567801
-0.499437 -0.566967
-0.499437 -0.566232
-0.499437 -0.565583
-0.499437 -0.565010
-0.499437 -0.564505
-0.499437 -0.564060
-0.499437 -0.563667
-0.499437 -0.563321
-0.499437 -0.563015
-0.499437 -0.562745
-0.499437 -0.562507
-0.499437 -0.562297
-0.499437 -0.562112
-0.499437 -0.561949
-0.499437 -0.561804
-0.499437 -0.561677
-0.499437 -0.561565
-0.499437 -0.561466
-0.499437 -0.561378
-0.499437 -0.561301
-0.499437 -0.561233
-0.499437 -0.561173
-0.499437 -0.561120
-0.499437 -0.561073
-0.499437 -0.561032
-0.499437 -0.560995
-0.499437 -0.560963
-0.499437 -0.560935
-0.413025 -0.560910
-0.413025 -0.560888
-0.413025 -0.560868
-0.413025 -0.560851
-0.413025 -0.560836
-0.413025 -0.560823
-0.413025 -0.559613
-0.413025 -0.556855
-0.413025 -0.553406
-0.413025 -0.549757
-0.413025 -0.546179
-0.413025 -0.542809
-0.413025 -0.539712
-0.413025 -0.536906
-0.413025 -0.534388
-0.413025 -0.532143
-0.413025 -0.530149
-0.413025 -0.528383
-0.413025 -0.526820
-0.413025 -0.525440
-0.413025 -0.524222
-0.413025 -0.523147
-0.413025 -0.522198
-0.413025 -0.521362
-0.413025 -0.520624
-0.413025 -0.519973
-0.413025 -0.519399
-0.413025 -0.518893
-0.413025 -0.518446
-0.413025 -0.518052
-0.413025 -0.517705
-0.413025 -0.517398
-0.413025 -0.517128
-0.413025 -0.516889
-0.413025 -0.516679
-0.413025 -0.516493
-0.413025 -0.516329
-0.413025 -0.516185
-0.413025 -0.516057
-0.413025 -0.515945
-0.413025 -0.515846
-0.413025 -0.515758
-0.413025 -0.515681
-0.413025 -0.515612
-0.413025 -0.515552
-0.413025 -0.515499
-0.413025 -0.515452
-0.413025 -0.515411
-0.413025 -0.515374
-0.413025 -0.515342
0.393221 -0.515314
0.393221 -0.515289
0.393221 -0.515266
0.393221 -0.515247
0.393221 -0.515230
0.393221 -0.515214
0.393221 -0.473088
0.393221 -0.384766
0.393221 -0.288927
0.393221 -0.202866
0.393221 -0.131509
0.393221 -0.074392
0.393221 -0.029286
0.393221 0.006257
0.393221 0.034371
0.393221 0.056759
0.393221 0.074735
0.393221 0.089291
0.393221 0.101178
0.393221 0.110963
0.393221 0.119079
0.393221 0.125856
0.393221 0.131550
0.393221 0.136360
0.393221 0.140445
0.393221 0.143928
0.393221 0.146911
0.393221 0.149474
0.393221 0.151683
0.393221 0.153592
0.393221 0.155246
0.393221 0.156682
0.393221 0.157931
0.393221 0.159020
0.393221 0.159970
0.393221 0.160800
0.393221 0.161527
0.393221 0.162163
0.393221 0.162720
0.393221 0.163209
0.393221 0.163639
0.393221 0.164016
0.393221 0.164347
0.393221 0.164639
0.393221 0.164895
0.393221 0.165121
0.393221 0.165319
0.393221 0.165494
0.393221 0.165648
0.393221 0.165784
-0.071472 0.165903
-0.071472 0.166009
-0.071472 0.166102
-0.071472 0.166184
-0.071472 0.166256
-0.071472 0.166319
-0.071472 0.163320
-0.071472 0.155915
-0.071472 0.145684
-0.071472 0.133574
-0.071472 0.120260
-0.071472 0.106264
-0.071472 0.092005
-0.071472 0.077814
-0.071472 0.063951
-0.071472 0.050606
-0.071472 0.037916
-0.071472 0.025971
-0.071472 0.014824
-0.071472 0.004495
-0.071472 -0.005016
-0.071472 -0.013727
-0.071472 -0.021669
-0.071472 -0.028881
-0.071472 -0.035407
-0.071472 -0.041296
-0.071472 -0.046594
-0.071472 -0.051350
-0.071472 -0.055612
-0.071472 -0.059422
-0.071472 -0.062825
-0.071472 -0.065859
-0.071472 -0.068561
-0.071472 -0.070965
-0.071472 -0.073101
-0.071472 -0.074999
-0.071472 -0.076682
-0.071472 -0.078175
-0.071472 -0.079498
-0.071472 -0.080670
-0.071472 -0.081708
-0.071472 -0.082627
-0.071472 -0.083440
-0.071472 -0.084159
-0.071472 -0.084795
-0.071472 -0.085357
-0.071472 -0.085854
-0.071472 -0.086293
-0.071472 -0.086681
-0.071472 -0.087023
-0.569876 -0.087326
-0.569876 -0.087593
-0.569876 -0.087830
-0.569876 -0.088038
-0.569876 -0.088222
-0.569876 -0.088385
-0.569876 -0.096376
-0.569876 -0.115270
-0.569876 -0.140420
-0.569876 -0.169033
-0.569876 -0.199267
-0.569876 -0.229863
-0.569876 -0.259948
-0.569876 -0.288934
-0.569876 -0.316435
-0.569876 -0.342220
-0.569876 -0.366172
-0.569876 -0.388252
-0.569876 -0.408482
-0.569876 -0.426921
-0.569876 -0.443656
-0.569876 -0.458789
-0.569876 -0.472431
-0.569876 -0.484696
-0.569876 -0.495697
-0.569876 -0.505546
-0.569876 -0.514347
-0.569876 -0.522201
-0.569876 -0.529199
-0.569876 -0.535428
-0.569876 -0.540967
-0.569876 -0.545887
-0.569876 -0.550255
-0.569876 -0.554130
-0.569876 -0.557565
-0.569876 -0.560609
-0.569876 -0.563304
-0.569876 -0.565690
-0.569876 -0.567802
-0.569876 -0.569670
-0.569876 -0.571322
-0.569876 -0.572783
-0.569876 -0.574074
-0.569876 -0.575216
-0.569876 -0.576224
-0.569876 -0.577115
-0.569876 -0.577902
-0.569876 -0.578597
-0.569876 -0.579211
-0.569876 -0.579754
-0.106347 -0.580233
-0.106347 -0.580655
-0.106347 -0.581029
-0.106347 -0.581358
-0.106347 -0.581649
-0.106347 -0.581906
-0.106347 -0.566160
-0.106347 -0.530747
-0.106347 -0.488358
-0.106347 -0.445791
-0.106347 -0.406231
-0.106347 -0.370877
-0.106347 -0.339930
-0.106347 -0.313131
-0.106347 -0.290046
-0.106347 -0.270199
-0.106347 -0.253137
-0.106347 -0.238454
-0.106347 -0.225800
-0.106347 -0.214874
-0.106347 -0.205421
-0.106347 -0.197227
-0.106347 -0.190112
-0.106347 -0.183923
-0.106347 -0.178531
-0.106347 -0.173827
-0.106347 -0.169718
-0.106347 -0.166124
-0.106347 -0.162978
-0.106347 -0.160221
-0.106347 -0.157803
-0.106347 -0.155681
-0.106347 -0.153818
-0.106347 -0.152180
-0.106347 -0.150740
-0.106347 -0.149474
-0.106347 -0.148360
-0.106347 -0.147380
-0.106347 -0.146516
-0.106347 -0.145756
-0.106347 -0.145086
-0.106347 -0.144496
-0.106347 -0.143976
-0.106347 -0.143517
-0.106347 -0.143113
-0.106347 -0.142757
-0.106347 -0.142443
-0.106347 -0.142166
-0.106347 -0.141922
-0.106347 -0.141706
-0.758242 -0.141516
-0.758242 -0.141348
-0.758242 -0.141200
-0.758242 -0.141070
-0.758242 -0.140955
-0.758242 -0.140853
-0.758242 -0.148748
-0.758242 -0.167662
-0.758242 -0.192735
-0.758242 -0.221057
-0.758242 -0.250747
-0.758242 -0.280556
-0.758242 -0.309649
-0.758242 -0.337485
-0.758242 -0.363730
-0.758242 -0.388198
-0.758242 -0.410812
-0.758242 -0.431564
-0.758242 -0.450501
-0.758242 -0.467700
-0.758242 -0.483261
-0.758242 -0.497292
-0.758242 -0.509910
-0.758242 -0.521230
-0.758242 -0.531364
-0.758242 -0.540421
-0.758242 -0.548502
-0.758242 -0.555703
-0.758242 -0.562113
-0.758242 -0.567813
-0.758242 -0.572876
-0.758242 -0.577370
-0.758242 -0.581357
-0.758242 -0.584892
-0.758242 -0.588023
-0.758242 -0.590797
-0.758242 -0.593252
-0.758242 -0.595424
-0.758242 -0.597347
-0.758242 -0.599046
-0.758242 -0.600549
-0.758242 -0.601878
-0.758242 -0.603052
-0.758242 -0.604090
-0.758242 -0.605006
-0.758242 -0.605816
-0.758242 -0.606531
-0.758242 -0.607163
-0.758242 -0.607721
-0.758242 -0.608214
0.835374 -0.608648
0.835374 -0.609033
0.835374 -0.609372
0.835374 -0.609671
0.835374 -0.609935
0.835374 -0.610168
0.835374 -0.557611
0.835374 -0.448308
0.835374 -0.331652
0.835374 -0.228920
0.835374 -0.145439
0.835374 -0.079908
0.835374 -0.029095
0.835374 0.010279
0.835374 0.040954
0.835374 0.065051
0.835374 0.084165
0.835374 0.099476
0.835374 0.111860
0.835374 0.121968
0.835374 0.130289
0.835374 0.137190
0.835374 0.142955
0.835374 0.147801
0.835374 0.151896
0.835374 0.155374
0.835374 0.158342
0.835374 0.160885
0.835374 0.163070
0.835374 0.164953
0.835374 0.166582
0.835374 0.167993
0.835374 0.169219
0.835374 0.170286
0.835374 0.171215
0.835374 0.172026
0.835374 0.172735
0.835374 0.173356
0.835374 0.173899
0.835374 0.174375
0.835374 0.174793
0.835374 0.175160
0.835374 0.175482
0.835374 0.175765
0.835374 0.176014
0.835374 0.176234
0.835374 0.176426
0.835374 0.176596
0.835374 0.176746
0.835374 0.176877
0.132893 0.176993
0.132893 0.177095
0.132893 0.177185
0.132893 0.177265
0.132893 0.177335
0.132893 0.177397
0.132893 0.176144
0.132893 0.173096
0.132893 0.169068
0.132893 0.164546
0.132893 0.159837
0.132893 0.155142
0.132893 0.150589
0.132893 0.146259
0.132893 0.142200
0.132893 0.138433
0.132893 0.134968
0.132893 0.131800
0.132893 0.128920
0.132893 0.126312
0.132893 0.123959
0.132893 0.121843
0.132893 0.119944
0.132893 0.118243
0.132893 0.116723
0.132893 0.115367
0.132893 0.114159
0.132893 0.113083
0.132893 0.112126
0.132893 0.111277
0.132893 0.110522
0.132893 0.109853
0.132893 0.109260
0.132893 0.108735
0.132893 0.108269
0.132893 0.107857
0.132893 0.107492
0.132893 0.107170
0.132893 0.106885
0.132893 0.106633
0.132893 0.106410
0.132893 0.106213
0.132893 0.106038
0.132893 0.105885
0.132893 0.105749
0.132893 0.105629
0.132893 0.105523
0.132893 0.105429
0.132893 0.105346
0.132893 0.105273
-0.055961 0.105209
-0.055961 0.105152
-0.055961 0.105102
-0.055961 0.105058
-0.055961 0.105018
-0.055961 0.104984
-0.055961 0.102021
-0.055961 0.095016
-0.055961 0.085755
-0.055961 0.075308
-0.055961 0.064366
-0.055961 0.053387
-0.055961 0.042677
-0.055961 0.032435
-0.055961 0.022782
-0.055961 0.013785
-0.055961 0.005473
-0.055961 -0.002153
-0.055961 -0.009111
-0.055961 -0.015429
-0.055961 -0.021145
-0.055961 -0.026297
-0.055961 -0.030931
-0.055961 -0.035087
-0.055961 -0.038807
-0.055961 -0.042132
-0.055961 -0.045098
-0.055961 -0.047741
-0.055961 -0.050094
-0.055961 -0.052185
-0.055961 -0.054043
-0.055961 -0.055693
-0.055961 -0.057156
-0.055961 -0.058452
-0.055961 -0.059601
-0.055961 -0.060619
-0.055961 -0.061520
-0.055961 -0.062317
-0.055961 -0.063022
-0.055961 -0.063646
-0.055961 -0.064197
-0.055961 -0.064685
-0.055961 -0.065116
-0.055961 -0.065496
-0.055961 -0.065832
-0.055961 -0.066130
-0.055961 -0.066392
-0.055961 -0.066624
-0.055961 -0.066828
-0.055961 -0.067009
-0.370867 -0.067169
-0.370867 -0.067310
-0.370867 -0.067434
-0.370867 -0.067544
-0.370867 -0.067641
-0.370867 -0.067726
-0.370867 -0.074643
-0.370867 -0.091022
-0.370867 -0.112748
-0.370867 -0.137351
-0.370867 -0.163221
-0.370867 -0.189276
-0.370867 -0.214781
-0.370867 -0.239253
-0.370867 -0.262385
-0.370867 -0.284001
-0.370867 -0.304019
-0.370867 -0.322424
-0.370867 -0.339246
-0.370867 -0.354547
-0.370867 -0.368408
-0.370867 -0.380922
-0.370867 -0.392186
-0.370867 -0.402300
-0.370867 -0.411362
-0.370867 -0.419466
-0.370867 -0.426702
-0.370867 -0.433154
-0.370867 -0.438899
-0.370867 -0.444010
-0.370867 -0.448552
-0.370867 -0.452585
-0.370867 -0.456163
-0.370867 -0.459336
-0.370867 -0.462149
-0.370867 -0.464640
-0.370867 -0.466845
-0.370867 -0.468797
-0.370867 -0.470525
-0.370867 -0.472052
-0.370867 -0.473403
-0.370867 -0.474597
-0.370867 -0.475653
-0.370867 -0.476586
-0.370867 -0.477410
-0.370867 -0.478138
-0.370867 -0.478781
-0.370867 -0.479349
-0.370867 -0.479851
-0.370867 -0.480294
-0.913569 -0.480685
-0.913569 -0.481031
-0.913569 -0.481335
-0.913569 -0.481605
-0.913569 -0.481842
-0.913569 -0.482052
-0.913569 -0.485407
-0.913569 -0.492920
-0.913569 -0.502405
-0.913569 -0.512593
-0.913569 -0.522755
-0.913569 -0.532484
-0.913569 -0.541569
-0.913569 -0.549919
-0.913569 -0.557510
-0.913569 -0.564360
-0.913569 -0.570509
-0.913569 -0.576009
-0.913569 -0.580914
-0.913569 -0.585279
-0.913569 -0.589158
-0.913569 -0.592601
-0.913569 -0.595654
-0.913569 -0.598360
-0.913569 -0.600755
-0.913569 -0.602876
-0.913569 -0.604752
-0.913569 -0.606411
-0.913569 -0.607878
-0.913569 -0.609175
-0.913569 -0.610321
-0.913569 -0.611334
-0.913569 -0.612229
-0.913569 -0.613020
-0.913569 -0.613718
-0.913569 -0.614334
-0.913569 -0.614879
-0.913569 -0.615360
-0.913569 -0.615784
-0.913569 -0.616159
-0.913569 -0.616490
-0.913569 -0.616782
-0.913569 -0.617040
-0.913569 -0.617268
-0.913569 -0.617469
-0.913569 -0.617646
-0.913569 -0.617803
-0.913569 -0.617941
-0.913569 -0.618063
-0.913569 -0.618171
0.504890 -0.618266
0.504890 -0.618350
0.504890 -0.618424
0.504890 -0.618489
0.504890 -0.618547
0.504890 -0.618598
0.504890 -0.566528
0.504890 -0.458207
0.504890 -0.342232
0.504890 -0.239696
0.504890 -0.156030
0.504890 -0.090088
0.504890 -0.038761
0.504890 0.001150
0.504890 0.032341
0.504890 0.056914
0.504890 0.076454
0.504890 0.092142
0.504890 0.104857
0.504890 0.115253
0.504890 0.123825
0.504890 0.130944
0.504890 0.136898
0.504890 0.141908
0.504890 0.146146
0.504890 0.149750
0.504890 0.152826
0.504890 0.155463
0.504890 0.157731
0.504890 0.159687
0.504890 0.161379
0.504890 0.162846
0.504890 0.164120
0.504890 0.165229
0.504890 0.166196
0.504890 0.167040
0.504890 0.167778
0.504890 0.168424
0.504890 0.168989
0.504890 0.169485
0.504890 0.169920
0.504890 0.170303
0.504890 0.170638
0.504890 0.170933
0.504890 0.171193
0.504890 0.171421
0.504890 0.171622
0.504890 0.171799
0.504890 0.171954
0.504890 0.172092
0.086538 0.172212
0.086538 0.172319
0.086538 0.172413
0.086538 0.172496
0.086538 0.172569
0.086538 0.172633
0.086538 0.171072
0.086538 0.167273
0.086538 0.162219
0.086538 0.156497
0.086538 0.150489
0.086538 0.144448
0.086538 0.138544
0.086538 0.132889
0.086538 0.127552
0.086538 0.122572
0.086538 0.117967
0.086538 0.113737
0.086538 0.109875
0.086538 0.106365
0.086538 0.103189
0.086538 0.100323
0.086538 0.097745
0.086538 0.095432
0.086538 0.093361
0.086538 0.091509
0.086538 0.089856
0.086538 0.088383
0.086538 0.087072
0.086538 0.085905
0.086538 0.084869
0.086538 0.083949
0.086538 0.083133
0.086538 0.082410
0.086538 0.081769
0.086538 0.081201
0.086538 0.080698
0.086538 0.080253
0.086538 0.079860
0.086538 0.079512
0.086538 0.079204
0.086538 0.078932
0.086538 0.078691
0.086538 0.078479
0.086538 0.078291
0.086538 0.078125
0.086538 0.077979
0.086538 0.077849
0.086538 0.077735
0.086538 0.077634
0.534381 0.077545
0.534381 0.077466
0.534381 0.077397
0.534381 0.077336
0.534381 0.077282
0.534381 0.077234
0.534381 0.080789
0.534381 0.088751
0.534381 0.098238
0.534381 0.107717
0.534381 0.116481
0.534381 0.124274
0.534381 0.131065
0.534381 0.136921
0.534381 0.141946
0.534381 0.146251
0.534381 0.149941
0.534381 0.153108
0.534381 0.155831
0.534381 0.158177
0.534381 0.160203
0.534381 0.161956
0.534381 0.163476
0.534381 0.164797
0.534381 0.165946
0.534381 0.166947
0.534381 0.167821
0.534381 0.168585
0.534381 0.169253
0.534381 0.169838
0.534381 0.170351
0.534381 0.170801
0.534381 0.171196
0.534381 0.171543
0.534381 0.171848
0.534381 0.172116
0.534381 0.172352
0.534381 0.172560
0.534381 0.172742
0.534381 0.172903
0.534381 0.173045
0.534381 0.173170
0.534381 0.173280
0.534381 0.173377
0.534381 0.173462
0.534381 0.173538
0.534381 0.173604
0.534381 0.173663
0.534381 0.173714
0.534381 0.173760
0.580898 0.173800
0.580898 0.173835
0.580898 0.173867
0.580898 0.173894
0.580898 0.173918
0.580898 0.173940
0.580898 0.173990
0.580898 0.174077
0.580898 0.174180
0.580898 0.174287
0.580898 0.174391
0.580898 0.174489
0.580898 0.174578
0.580898 0.174660
0.580898 0.174732
0.580898 0.174797
0.580898 0.174855
0.580898 0.174906
0.580898 0.174952
0.580898 0.174992
0.580898 0.175027
0.580898 0.175058
0.580898 0.175086
0.580898 0.175110
0.580898 0.175132
0.580898 0.175151
0.580898 0.175168
0.580898 0.175183
0.580898 0.175196
0.580898 0.175207
0.580898 0.175217
0.580898 0.175226
0.580898 0.175234
0.580898 0.175241
0.580898 0.175247
0.580898 0.175253
0.580898 0.175258
0.580898 0.175262
0.580898 0.175266
0.580898 0.175269
0.580898 0.175272
0.580898 0.175274
0.580898 0.175277
0.580898 0.175279
0.580898 0.175280
0.580898 0.175282
0.580898 0.175283
0.580898 0.175285
0.580898 0.175286
0.580898 0.175287
-0.855557 0.175287
-0.855557 0.175288
-0.855557 0.175289
-0.855557 0.175289
-0.855557 0.175290
-0.855557 0.175290
-0.855557 0.170468
-0.855557 0.158156
-0.855557 0.139951
-0.855557 0.116625
-0.855557 0.088805
-0.855557 0.057170
-0.855557 0.022480
-0.855557 -0.014447
-0.855557 -0.052794
-0.855557 -0.091784
-0.855557 -0.130718
-0.855557 -0.168996
-0.855557 -0.206126
-0.855557 -0.241726
-0.855557 -0.275513
-0.855557 -0.307299
-0.855557 -0.336972
-0.855557 -0.364486
-0.855557 -0.389849
-0.855557 -0.413107
-0.855557 -0.434337
-0.855557 -0.453640
-0.855557 -0.471129
-0.855557 -0.486924
-0.855557 -0.501151
-0.855557 -0.513935
-0.855557 -0.525397
-0.855557 -0.535656
-0.855557 -0.544822
-0.855557 -0.553000
-0.855557 -0.560287
-0.855557 -0.566773
-0.855557 -0.572539
-0.855557 -0.577662
-0.855557 -0.582210
-0.855557 -0.586243
-0.855557 -0.589820
-0.855557 -0.592988
-0.855557 -0.595795
-0.855557 -0.598279
-0.855557 -0.600477
-0.855557 -0.602422
-0.855557 -0.604142
-0.855557 -0.605663
0.319432 -0.607007
0.319432 -0.608195
0.319432 -0.609245
0.319432 -0.610173
0.319432 -0.610992
0.319432 -0.611716
0.319432 -0.564196
0.319432 -0.463811
0.319432 -0.354892
0.319432 -0.257220
0.319432 -0.176385
0.319432 -0.111805
0.319432 -0.060901
0.319432 -0.020860
0.319432 0.010760
0.319432 0.035904
0.319432 0.056064
0.319432 0.072371
0.319432 0.085673
0.319432 0.096614
0.319432 0.105680
0.319432 0.113245
0.319432 0.119596
0.319432 0.124960
0.319432 0.129511
0.319432 0.133391
0.319432 0.136712
0.319432 0.139565
0.319432 0.142023
0.319432 0.144147
0.319432 0.145986
0.319432 0.147583
0.319432 0.148972
0.319432 0.150182
0.319432 0.151238
0.319432 0.152160
0.319432 0.152967
0.319432 0.153674
0.319432 0.154293
0.319432 0.154836
0.319432 0.155313
0.319432 0.155732
0.319432 0.156100
0.319432 0.156424
0.319432 0.156709
0.319432 0.156959
0.319432 0.157180
0.319432 0.157374
0.319432 0.157545
0.319432 0.157695
-0.893401 0.157828
-0.893401 0.157945
-0.893401 0.158048
-0.893401 0.158139
-0.893401 0.158219
-0.893401 0.158290
-0.893401 0.152928
-0.893401 0.139261
-0.893401 0.119301
-0.893401 0.094108
-0.893401 0.064526
-0.893401 0.031390
-0.893401 -0.004435
-0.893401 -0.042082
-0.893401 -0.080720
-0.893401 -0.119594
-0.893401 -0.158049
-0.893401 -0.195541
-0.893401 -0.231639
-0.893401 -0.266021
-0.893401 -0.298465
-0.893401 -0.328829
-0.893401 -0.357047
-0.893401 -0.383106
-0.893401 -0.407042
-0.893401 -0.428924
-0.893401 -0.448843
-0.893401 -0.466909
-0.893401 -0.483241
-0.893401 -0.497964
-0.893401 -0.511203
-0.893401 -0.523082
-0.893401 -0.533719
-0.893401 -0.543228
-0.893401 -0.551715
-0.893401 -0.559280
-0.893401 -0.566016
-0.893401 -0.572007
-0.893401 -0.577331
-0.893401 -0.582058
-0.893401 -0.586251
-0.893401 -0.589970
-0.893401 -0.593265
-0.893401 -0.596184
-0.893401 -0.598768
-0.893401 -0.601056
-0.893401 -0.603079
-0.893401 -0.604869
-0.893401 -0.606452
-0.893401 -0.607851
0.370049 -0.609087
0.370049 -0.610180
0.370049 -0.611146
0.370049 -0.611999
0.370049 -0.612752
0.370049 -0.613417
0.370049 -0.564330
0.370049 -0.461027
0.370049 -0.349469
0.370049 -0.249961
0.370049 -0.168050
0.370049 -0.102951
0.370049 -0.051886
0.370049 -0.011897
0.370049 0.019555
0.370049 0.044474
0.370049 0.064391
0.370049 0.080454
0.370049 0.093525
0.370049 0.104251
0.370049 0.113121
0.370049 0.120509
0.370049 0.126703
0.370049 0.131926
0.370049 0.136354
0.370049 0.140124
0.370049 0.143347
0.370049 0.146114
0.370049 0.148496
0.370049 0.150553
0.370049 0.152334
0.370049 0.153879
0.370049 0.155222
0.370049 0.156392
0.370049 0.157412
0.370049 0.158303
0.370049 0.159082
0.370049 0.159765
0.370049 0.160363
0.370049 0.160887
0.370049 0.161347
0.370049 0.161751
0.370049 0.162106
0.370049 0.162419
0.370049 0.162693
0.370049 0.162935
0.370049 0.163147
0.370049 0.163335
0.370049 0.163500
0.370049 0.163645
-0.113298 0.163773
-0.113298 0.163886
-0.113298 0.163985
-0.113298 0.164073
-0.113298 0.164150
-0.113298 0.164218
-0.113298 0.160828
-0.113298 0.152410
-0.113298 0.140675
-0.113298 0.126636
-0.113298 0.111032
-0.113298 0.094455
-0.113298 0.077400
-0.113298 0.060273
-0.113298 0.043404
-0.113298 0.027046
-0.113298 0.011390
-0.113298 -0.003433
-0.113298 -0.017338
-0.113298 -0.030281
-0.113298 -0.042247
-0.113298 -0.053247
-0.113298 -0.063307
-0.113298 -0.072468
-0.113298 -0.080778
-0.113298 -0.088292
-0.113298 -0.095066
-0.113298 -0.101158
-0.113298 -0.106624
-0.113298 -0.111519
-0.113298 -0.115894
-0.113298 -0.119799
-0.113298 -0.123281
-0.113298 -0.126380
-0.113298 -0.129137
-0.113298 -0.131586
-0.113298 -0.133761
-0.113298 -0.135691
-0.113298 -0.137401
-0.113298 -0.138918
-0.113298 -0.140261
-0.113298 -0.141450
-0.113298 -0.142502
-0.113298 -0.143433
-0.113298 -0.144257
-0.113298 -0.144985
-0.113298 -0.145628
-0.113298 -0.146197
-0.113298 -0.146700
-0.113298 -0.147144
-0.064008 -0.147537
-0.064008 -0.147883
-0.064008 -0.148190
-0.064008 -0.148460
-0.064008 -0.148699
-0.064008 -0.148910
-0.064008 -0.147107
-0.064008 -0.142730
-0.064008 -0.137239
-0.064008 -0.131462
-0.064008 -0.125840
-0.064008 -0.120592
-0.064008 -0.115809
-0.064008 -0.111511
-0.064008 -0.107684
-0.064008 -0.104294
-0.064008 -0.101302
-0.064008 -0.098665
-0.064008 -0.096345
-0.064008 -0.094304
-0.064008 -0.092510
-0.064008 -0.090931
-0.064008 -0.089543
-0.064008 -0.088322
-0.064008 -0.087248
-0.064008 -0.086302
-0.064008 -0.085469
-0.064008 -0.084736
-0.064008 -0.084091
-0.064008 -0.083522
-0.064008 -0.083021
-0.064008 -0.082579
-0.064008 -0.082190
-0.064008 -0.081846
-0.064008 -0.081544
-0.064008 -0.081277
-0.064008 -0.081042
-0.064008 -0.080834
-0.064008 -0.080651
-0.064008 -0.080490
-0.064008 -0.080347
-0.064008 -0.080222
-0.064008 -0.080111
-0.064008 -0.080013
-0.064008 -0.079927
-0.064008 -0.079851
-0.064008 -0.079784
-0.064008 -0.079724
-0.064008 -0.079672
-0.064008 -0.079626
0.322119 -0.079585
0.322119 -0.079549
0.322119 -0.079518
0.322119 -0.079490
0.322119 -0.079465
0.322119 -0.079443
0.322119 -0.068774
0.322119 -0.045540
0.322119 -0.018739
0.322119 0.007089
0.322119 0.030112
0.322119 0.049876
0.322119 0.066541
0.322119 0.080485
0.322119 0.092130
0.322119 0.101867
0.322119 0.110032
0.322119 0.116905
0.322119 0.122714
0.322119 0.127644
0.322119 0.131843
0.322119 0.135435
0.322119 0.138516
0.322119 0.141168
0.322119 0.143457
0.322119 0.145438
0.322119 0.147155
0.322119 0.148648
0.322119 0.149947
0.322119 0.151080
0.322119 0.152069
0.322119 0.152934
0.322119 0.153691
0.322119 0.154354
0.322119 0.154935
0.322119 0.155445
0.322119 0.155893
0.322119 0.156286
0.322119 0.156632
0.322119 0.156937
0.322119 0.157204
0.322119 0.157440
0.322119 0.157647
0.322119 0.157830
0.322119 0.157991
0.322119 0.158132
0.322119 0.158257
0.322119 0.158367
0.322119 0.158464
0.322119 0.158550
0.379933 0.158625
0.379933 0.158692
0.379933 0.158750
0.379933 0.158802
0.379933 0.158848
0.379933 0.158888
0.379933 0.159095
0.379933 0.159519
0.379933 0.160038
0.379933 0.160581
0.379933 0.161111
0.379933 0.161608
0.379933 0.162063
0.379933 0.162475
0.379933 0.162843
0.379933 0.163172
0.379933 0.163463
0.379933 0.163721
0.379933 0.163948
0.379933 0.164150
0.379933 0.164327
0.379933 0.164483
0.379933 0.164621
0.379933 0.164743
0.379933 0.164850
0.379933 0.164945
0.379933 0.165028
0.379933 0.165102
0.379933 0.165167
0.379933 0.165224
0.379933 0.165274
0.379933 0.165319
0.379933 0.165358
0.379933 0.165393
0.379933 0.165423
0.379933 0.165450
0.379933 0.165474
0.379933 0.165495
0.379933 0.165513
0.379933 0.165530
0.379933 0.165544
0.379933 0.165557
0.379933 0.165568
0.379933 0.165578
0.379933 0.165587
0.379933 0.165594
0.379933 0.165601
0.379933 0.165607
0.379933 0.165613
0.379933 0.165617
0.000000 0.000000
